1.7501501
3.6387431
-0.9803576
1.9121837
2.08305
-4.1709283
2.7151172
2.9630779
3.0802137
3.6273737
0.56294081
2.0378566
2.7705639
1.101511
2.5471094
0.08773455
0.68089802
-2.3125628
-4.2103086
-6.1114167
3.1589809
-0.99420229
0.59667175
-0.1499072
2.7293839
-2.2759895
-2.9499357
-0.2043378
-1.7052464
1.7274619
2.5912409
4.8377132
2.3384818
1.4032619
0.46318787
1.4000436
1.0722679
-1.4954025
5.3433205
0.27406555
-3.4469086
-5.7253536
5.1109184
-0.21051033
2.6856357
3.0128534
4.7929025
5.3098492
3.3601825
0.90345979
-4.6423569
3.73168
4.5554014
4.2096512
3.245286
3.2601102
-2.7854347
-0.51894643
-1.3250906
-0.68735692
4.1333185
2.0428483
-4.1036271
-0.28715927
-4.1959792
-8.2793469
0.95785114
3.4577302
3.9745825
4.1092487
0.25656146
2.2516429
-1.2347117
-4.5825125
-5.5958747
3.4242234
-5.4499362
3.1742867
-4.2800036
-2.9032511
3.7338333
2.9104604
1.9428884
-1.1141974
-6.0871873
5.8090692
-8.9198665
4.223646
1.1178899
3.1458383
-0.58163612
0.034732367
1.8882746
3.2449489
-1.5781924
-0.62686993
-4.1934166
-5.9410589
4.6013563
-8.2750129
-7.140644
-12.468952
-3.0759494
-11.222828
-5.3641907
-12.608483
-10.181472
-8.8936172
