952 A  4.710000 12.000000 35.799999 76.099998
957 A  5.200000 11.900000 36.900002 70.900002
464 A  5.570000 14.900000 43.000000 77.199997
444 A  5.280000 12.900000 39.500000 74.900002
447 A  5.390000 12.500000 37.500000 69.599998
435 A  5.760000 12.600000 38.900002 67.500000
426 A  5.240000 13.600000 38.799999 74.000000
414 A  5.060000 13.400000 38.799999 76.599998
413 A  5.240000 13.000000 37.799999 72.199997
403 A  5.580000 13.600000 40.000000 71.599998
406 A  4.840000 12.600000 38.200001 79.000000
323 A  4.820000 12.000000 35.900002 74.500000
1009 A  5.370000 13.400000 41.799999 77.900002
1006 A  5.980000 14.100000 45.500000 76.099998
999 A  5.710000 12.600000 39.200001 68.599998
66 A  5.450000 14.500000 41.299999 75.800003
129 A  5.870000 13.400000 42.400002 72.199997
102 A  5.460000 13.200000 40.299999 73.900002
103 A  4.910000 12.700000 38.200001 77.699997
105 A  5.680000 14.600000 42.299999 74.400002
93 A  5.730000 14.800000 45.000000 78.599998
91 A  6.190000 14.700000 43.799999 70.800003
104 A  5.250000 13.700000 41.299999 78.699997
116 A  5.570000 12.800000 40.400002 72.500000
183 A  5.770000 11.600000 37.299999 64.699997
174 A  5.480000 13.900000 42.299999 77.199997
176 A  5.640000 13.000000 39.099998 69.400002
155 A  5.350000 11.500000 38.000000 71.000000
148 A  5.840000 13.100000 40.200001 68.900002
159 A  6.230000 14.600000 45.000000 72.300003
157 A  5.940000 14.400000 44.400002 74.699997
267 A  5.460000 14.100000 40.700001 74.599998
268 A  5.550000 12.100000 36.900002 66.500000
260 A  6.800000 14.200000 43.299999 63.700001
252 A  5.800000 15.000000 46.000000 79.300003
239 A  5.550000 14.900000 42.200001 76.000000
233 A  5.140000 12.600000 40.900002 79.599998
235 A  6.060000 16.100000 44.700001 73.699997
236 A  5.890000 13.800000 41.799999 71.000000
245 A  5.810000 12.700000 40.299999 69.400002
479 B  5.160000 10.200000 31.100000 60.299999
1000 B  5.590000 11.800000 35.700001 63.900002
179 B  6.450000 11.500000 38.599998 59.599998
145 B  5.180000 12.400000 37.200001 71.900002
453 B  6.640000 12.700000 40.000000 60.299999
470 B  5.240000 11.600000 35.200001 67.099998
256 B  6.680000 12.200000 38.700001 58.000000
312 B  6.550000 13.000000 39.799999 60.799999
398 B  6.290000 12.900000 39.099998 62.099998
