941 N  4.660000  13.100000  37.599998  80.699997 
944 N  4.640000  13.800000  39.599998  85.400002 
953 N  4.420000  12.500000  35.900002  81.199997 
955 N  4.980000  14.300000  39.200001  78.800003 
963 N  4.780000  13.600000  41.200001  86.199997 
968 N  5.010000  14.500000  42.200001  84.300003 
971 N  4.630000  13.400000  39.900002  86.199997 
978 N  5.070000  15.000000  43.000000  84.900002 
982 N  5.370000  14.400000  43.099998  80.300003 
983 N  4.850000  13.600000  40.400002  83.400002 
488 N  4.650000  13.300000  39.900002  85.900002 
481 N  5.130000  14.200000  40.099998  78.099998 
473 N  5.420000  15.500000  44.799999  82.599998 
464 A  5.570000  14.900000  43.000000  77.199997 
465 N  5.870000  16.000000  45.799999  78.099998 
420 A  4.290000  12.500000  37.099998  86.500000 
427 A  4.840000  13.000000  38.599998  79.800003 
417 N  4.600000  13.200000  39.099998  85.000000 
326 N  4.700000  13.300000  37.200001  79.199997 
316 N  4.790000  13.900000  38.900002  81.199997 
318 N  4.940000  15.200000  42.900002  86.800003 
321 N  5.260000  15.100000  42.299999  80.400002 
310 N  4.930000  13.800000  38.700001  78.400002 
965 A  5.100000  13.600000  41.000000  80.300003 
959 N  5.220000  14.400000  42.400002  81.199997 
947 N  5.390000  14.600000  44.400002  82.300003 
1003 N  4.870000  15.000000  44.400002  91.099998 
1005 A  5.480000  14.500000  44.299999  80.800003 
1002 N  4.520000  14.100000  40.000000  88.500000 
69 N  5.380000  15.500000  44.200001  82.199997 
59 A  4.830000  14.000000  41.000000  84.800003 
62 N  4.960000  15.200000  43.299999  87.199997 
60 N  5.190000  16.100000  45.400002  87.500000 
70 N  4.380000  12.900000  37.599998  85.900002 
64 N  4.860000  13.200000  39.000000  80.199997 
121 N  4.960000  14.800000  41.799999  84.300003 
125 N  5.190000  15.500000  46.700001  89.900002 
112 N  4.670000  14.000000  41.299999  88.400002 
107 A  5.580000  16.100000  47.900002  85.900002 
100 N  4.650000  13.500000  40.500000  87.000000 
95 N  5.170000  15.600000  43.599998  84.300003 
98 N  5.090000  14.300000  42.099998  82.800003 
185 N  5.700000  15.500000  46.000000  80.699997 
187 A  4.790000  13.900000  42.299999  88.400002 
177 N  5.060000  15.000000  44.200001  87.300003 
180 N  4.990000  14.900000  43.500000  87.099998 
169 A  4.970000  13.300000  38.700001  77.800003 
171 N  4.990000  14.200000  40.900002  82.000000 
158 N  4.820000  14.100000  41.599998  86.400002 
152 N  5.160000  15.000000  43.700001  84.699997 
151 N  5.510000  16.100000  48.000000  87.099998 
282 N  4.810000  13.800000  41.400002  86.099998 
277 N  5.230000  14.800000  42.000000  80.300003 
271 N  4.410000  14.200000  39.000000  88.500000 
263 N  4.210000  12.800000  37.000000  87.800003 
253 N  5.320000  14.500000  43.299999  81.400002 
249 N  4.990000  14.500000  42.400002  85.000000 
239 N  5.550000  14.900000  42.200001  76.000000 
241 N  4.890000  13.700000  40.200001  82.300003 
244 N  4.940000  14.600000  40.700001  82.400002 
276 N  5.400000  16.500000  45.500000  84.199997 
