477 N  4.620000 13.800000 40.200001 87.099998
478 N  5.410000 15.300000 45.099998 83.400002
480 N  4.820000 15.600000 45.000000 93.400002
482 A  5.560000 13.000000 39.200001 70.500000
483 N  5.310000 15.200000 42.099998 79.199997
120 N  4.730000 13.800000 41.099998 86.800003
123 N  4.660000 14.100000 41.099998 88.099998
124 A  5.540000 14.100000 43.500000 78.599998
126 A  5.550000 14.600000 44.000000 79.300003
484 A  5.220000 13.100000 33.799999 74.300003
489 N  4.450000 12.800000 38.200001 85.800003
127 N  5.050000 14.200000 41.299999 81.800003
128 A  5.350000 14.000000 40.900002 76.400002
130 N  4.570000 13.900000 40.900002 89.500000
132 N  5.300000 15.400000 46.400002 87.599998
133 N  4.330000 13.500000 40.299999 93.000000
57 N  4.650000 15.300000 42.700001 91.900002
58 N  4.560000 12.900000 36.799999 80.599998
61 B  6.450000 13.700000 42.200001 65.400002
63 N  5.410000 15.000000 42.599998 78.699997
491 N  4.680000 13.000000 40.599998 86.800003
492 A  5.100000 13.300000 40.299999 79.099998
494 N  4.440000 12.600000 35.200001 79.300003
495 N  5.010000 16.100000 46.500000 92.900002
496 N  4.170000 13.700000 35.000000 84.000000
497 N  4.860000 13.700000 39.299999 81.000000
984 N  4.670000 13.300000 41.700001 89.199997
985 N  4.700000 12.700000 38.500000 81.900002
986 N  4.770000 15.000000 43.400002 90.900002
987 N  4.210000 12.500000 35.400002 84.199997
974 N  4.610000 13.900000 41.500000 90.000000
975 N  5.060000 14.300000 41.500000 82.099998
977 N  4.700000 14.200000 42.599998 90.699997
979 N  5.050000 13.500000 41.900002 82.900002
980 N  4.870000 13.900000 40.099998 82.300003
65 N  4.850000 13.700000 39.700001 81.900002
67 N  5.010000 14.000000 40.900002 81.599998
68 N  4.860000 13.900000 40.900002 84.099998
71 N  4.790000 13.400000 39.299999 82.099998
72 N  5.420000 16.100000 45.200001 83.400002
74 N  3.890000 11.900000 33.599998 86.400002
75 N  5.380000 16.500000 47.000000 87.400002
76 N  4.080000 12.400000 34.599998 84.900002
77 B  5.740000 12.700000 38.900002 67.699997
970 N  4.660000 13.100000 38.099998 81.800003
972 N  4.580000 14.000000 38.799999 84.699997
973 A  5.320000 14.000000 40.900002 76.900002
997 N  4.620000 13.600000 41.099998 89.000000
998 N  5.440000 15.200000 43.700001 80.300003
1001 A  6.680000 15.100000 46.099998 69.000000
1007 N  5.140000 14.900000 44.200001 86.000000
1008 N  4.660000 13.500000 40.299999 86.400002
960 N  5.040000 14.200000 40.099998 79.599998
961 B  5.500000 10.700000 32.599998 59.299999
962 A  5.160000 13.100000 39.900002 77.300003
954 N  5.050000 14.200000 41.599998 82.300003
956 N  5.120000 13.900000 41.299999 80.699997
958 N  4.920000 15.100000 42.599998 86.599998
1010 N  4.650000 13.600000 39.900002 85.699997
1011 N  4.010000 12.100000 36.500000 91.099998
1012 N  4.380000 13.100000 37.200001 85.000000
1013 N  4.790000 13.200000 37.599998 78.400002
1014 N  5.150000 15.300000 45.099998 87.500000
1015 N  4.480000 13.500000 40.000000 89.300003
946 A  4.710000 12.100000 36.500000 77.400002
948 N  5.260000 15.800000 46.000000 87.500000
949 N  4.830000 13.500000 39.700001 82.199997
950 N  4.470000 12.100000 35.200001 78.699997
939 N  4.230000 12.500000 36.500000 86.400002
940 N  4.970000 14.700000 41.400002 83.199997
178 B  5.570000 13.100000 39.700001 71.199997
181 N  5.420000 14.700000 43.299999 79.900002
182 A  6.890000 12.300000 38.700001 56.099998
184 A  5.680000 14.400000 44.599998 78.500000
188 B  5.600000 10.500000 32.599998 58.200001
189 N  5.110000 15.800000 44.900002 87.800003
415 N  4.590000 12.600000 37.299999 81.300003
416 B  6.270000 12.100000 37.299999 59.500000
418 A  5.270000 13.600000 39.400002 74.800003
419 A  4.740000 12.500000 36.500000 77.099998
421 N  4.510000 12.500000 37.599998 83.400002
422 N  4.330000 12.900000 35.900002 82.900002
424 N  4.980000 14.400000 39.500000 79.300003
425 N  4.890000 13.400000 38.799999 79.300003
141 N  4.930000 14.700000 42.299999 85.800003
142 N  4.540000 13.300000 39.000000 85.800003
146 N  5.390000 15.600000 45.700001 84.699997
147 A  5.560000 13.700000 42.400002 76.199997
428 N  4.450000 13.000000 38.200001 85.800003
429 B  5.780000 11.700000 36.000000 62.299999
430 N  4.720000 13.000000 38.500000 81.599998
431 N  4.230000 11.600000 36.500000 86.199997
433 N  4.860000 16.100000 45.099998 92.800003
434 N  4.560000 12.500000 37.299999 81.800003
149 N  4.890000 14.300000 42.099998 86.000000
150 N  5.430000 14.000000 41.900002 77.199997
153 N  4.720000 13.800000 40.700001 86.199997
436 N  4.860000 14.000000 40.799999 84.000000
438 N  4.920000 13.700000 40.000000 81.199997
439 N  5.080000 14.600000 41.700001 82.099998
441 N  4.980000 14.900000 43.700001 87.699997
442 N  5.340000 14.500000 42.099998 78.900002
445 A  6.010000 15.400000 46.299999 77.099998
446 A  5.910000 15.300000 44.099998 74.599998
448 N  5.210000 14.900000 42.599998 81.699997
156 N  5.150000 14.400000 42.500000 82.599998
161 N  4.890000 14.000000 40.700001 83.199997
449 B  6.160000 10.500000 34.400002 55.900002
450 N  4.590000 13.000000 38.500000 83.800003
451 N  4.840000 13.800000 40.299999 83.199997
452 N  4.680000 13.800000 40.299999 86.199997
454 N  4.910000 13.800000 40.900002 83.400002
88 N  4.430000 13.400000 39.200001 88.400002
89 N  3.640000 11.000000 31.900000 87.599998
90 N  5.350000 14.900000 44.700001 83.500000
456 A  4.830000 12.400000 36.200001 74.900002
457 N  4.960000 14.300000 39.900002 80.400002
458 B  6.220000 12.100000 36.500000 58.700001
459 N  4.620000 14.100000 38.400002 83.099998
460 N  5.110000 15.400000 41.599998 81.400002
461 N  5.070000 15.400000 43.000000 84.800003
462 A  5.390000 15.000000 42.500000 78.900002
92 N  5.260000 13.300000 40.700001 77.300003
94 A  5.220000 13.600000 40.400002 77.300003
96 A  5.330000 11.900000 38.400002 72.099998
97 N  5.130000 14.400000 44.400002 86.500000
99 B  6.380000 11.900000 38.000000 59.599998
463 N  4.650000 12.400000 36.299999 78.000000
466 N  4.280000 12.900000 36.599998 85.500000
469 N  5.150000 15.500000 43.700001 84.900002
106 A  5.590000 13.900000 40.900002 73.199997
109 N  5.080000 13.800000 42.099998 82.800003
111 A  5.600000 14.700000 43.500000 79.699997
471 N  4.000000 12.000000 35.599998 89.000000
474 A  5.480000 13.600000 40.400002 73.699997
475 N  5.610000 15.500000 45.400002 80.900002
476 B  6.540000 12.100000 38.099998 58.299999
113 N  5.130000 14.700000 44.700001 87.099998
114 N  4.440000 13.700000 39.500000 89.000000
115 N  4.650000 12.600000 38.500000 82.800003
117 N  5.710000 15.500000 47.400002 83.000000
118 A  4.970000 12.000000 38.099998 76.599998
119 B  5.980000 12.700000 40.599998 67.900002
237 A  5.250000 13.700000 41.200001 78.500000
238 N  5.550000 15.600000 45.299999 81.699997
240 N  4.320000 12.600000 37.099998 85.800003
243 N  4.910000 13.400000 40.000000 81.500000
246 N  4.880000 12.400000 37.099998 76.000000
247 A  6.320000 12.600000 39.599998 62.700001
248 A  5.510000 14.200000 42.000000 76.300003
254 N  4.970000 14.100000 41.000000 82.400002
255 N  5.020000 14.000000 40.299999 80.300003
257 B  5.710000 12.400000 38.000000 66.599998
258 N  5.120000 14.400000 43.000000 84.000000
259 N  5.810000 15.200000 43.900002 75.500000
303 N  5.510000 15.700000 43.599998 79.199997
308 N  5.310000 16.400000 44.599998 84.000000
261 B  6.650000 12.400000 38.599998 58.000000
262 N  4.860000 14.700000 42.700001 87.800003
264 A  5.720000 13.900000 42.400002 74.099998
265 N  4.970000 14.100000 41.500000 83.500000
266 N  5.150000 14.400000 41.700001 80.900002
309 N  4.450000 12.700000 35.900002 80.599998
311 N  5.660000 14.800000 43.799999 77.400002
313 N  4.860000 14.100000 39.799999 81.800003
314 N  5.100000 14.200000 41.400002 81.199997
315 A  5.020000 12.400000 36.500000 72.699997
317 N  4.840000 13.300000 37.799999 78.000000
319 A  5.430000 13.600000 41.500000 76.400002
320 N  4.790000 13.900000 39.900002 83.300003
322 A  5.000000 13.000000 35.500000 77.000000
270 N  4.900000 13.500000 39.299999 80.300003
324 A  5.210000 12.700000 39.099998 75.099998
325 N  4.520000 13.900000 38.599998 85.400002
327 A  4.900000 12.700000 37.700001 76.900002
280 B  5.900000 12.200000 36.500000 61.799999
395 A  4.870000 12.800000 38.099998 78.300003
396 B  5.990000 13.100000 41.200001 68.800003
397 A  4.770000 12.700000 39.400002 82.500000
399 A  5.170000 13.300000 38.900002 75.199997
281 N  5.080000 13.400000 39.000000 76.699997
283 N  5.340000 14.700000 42.799999 80.099998
284 N  5.340000 14.300000 41.799999 78.300003
285 N  5.430000 15.400000 44.299999 81.599998
287 N  5.080000 14.600000 43.299999 85.199997
400 N  4.840000 11.700000 35.500000 73.400002
401 B  6.110000 13.400000 40.599998 66.500000
402 N  5.250000 15.200000 42.500000 80.900002
404 N  4.930000 14.800000 42.599998 86.400002
405 N  5.230000 14.400000 42.400002 81.099998
170 N  5.250000 14.500000 42.799999 81.500000
172 N  5.710000 15.700000 45.299999 79.400002
173 N  5.270000 14.600000 42.099998 79.900002
175 N  4.850000 14.700000 42.099998 86.900002
408 N  5.350000 16.000000 45.500000 84.900002
410 B  5.420000 11.100000 34.599998 63.900002
