   0.0000000e+00	   9.8113208e-01	
   0.0000000e+00	   9.8113208e-01	
   0.0000000e+00	   9.8113208e-01	
   0.0000000e+00	   9.8113208e-01	
   0.0000000e+00	   9.8113208e-01	
   0.0000000e+00	   9.8113208e-01	
   0.0000000e+00	   9.8113208e-01	
   0.0000000e+00	   9.8113208e-01	
   0.0000000e+00	   9.8113208e-01	
   0.0000000e+00	   9.8113208e-01	
   0.0000000e+00	   9.8113208e-01	
   0.0000000e+00	   9.8113208e-01	
   0.0000000e+00	   9.8113208e-01	
   0.0000000e+00	   9.8113208e-01	
   0.0000000e+00	   9.8113208e-01	
   0.0000000e+00	   9.8113208e-01	
   0.0000000e+00	   9.8113208e-01	
   0.0000000e+00	   9.8113208e-01	
   0.0000000e+00	   9.8113208e-01	
   0.0000000e+00	   9.8113208e-01	
   0.0000000e+00	   9.8113208e-01	
   0.0000000e+00	   9.8113208e-01	
   0.0000000e+00	   9.8113208e-01	
   0.0000000e+00	   9.8113208e-01	
   0.0000000e+00	   9.8113208e-01	
   0.0000000e+00	   9.8113208e-01	
   0.0000000e+00	   9.8113208e-01	
   0.0000000e+00	   9.8113208e-01	
   0.0000000e+00	   9.8113208e-01	
   0.0000000e+00	   9.8113208e-01	
   0.0000000e+00	   9.8113208e-01	
   0.0000000e+00	   9.8113208e-01	
   0.0000000e+00	   9.8113208e-01	
   0.0000000e+00	   9.8113208e-01	
   0.0000000e+00	   9.8113208e-01	
   0.0000000e+00	   9.8113208e-01	
   0.0000000e+00	   9.8113208e-01	
   0.0000000e+00	   9.8113208e-01	
   0.0000000e+00	   9.8113208e-01	
   0.0000000e+00	   9.8113208e-01	
   0.0000000e+00	   9.8113208e-01	
   0.0000000e+00	   9.8113208e-01	
   0.0000000e+00	   9.8113208e-01	
   0.0000000e+00	   9.8113208e-01	
   0.0000000e+00	   9.8113208e-01	
   0.0000000e+00	   9.8113208e-01	
   0.0000000e+00	   9.8113208e-01	
   0.0000000e+00	   9.8113208e-01	
   0.0000000e+00	   9.8113208e-01	
   0.0000000e+00	   9.8113208e-01	
   0.0000000e+00	   9.8113208e-01	
   0.0000000e+00	   9.8113208e-01	
   0.0000000e+00	   9.8113208e-01	
   0.0000000e+00	   9.8113208e-01	
   0.0000000e+00	   9.8113208e-01	
   0.0000000e+00	   9.8113208e-01	
   0.0000000e+00	   9.8113208e-01	
   0.0000000e+00	   9.8113208e-01	
   0.0000000e+00	   9.8113208e-01	
   0.0000000e+00	   9.8113208e-01	
   0.0000000e+00	   9.8113208e-01	
   0.0000000e+00	   9.8113208e-01	
   0.0000000e+00	   9.8113208e-01	
   0.0000000e+00	   9.8113208e-01	
   0.0000000e+00	   9.8113208e-01	
   0.0000000e+00	   9.8113208e-01	
   0.0000000e+00	   9.8113208e-01	
   0.0000000e+00	   9.8113208e-01	
   0.0000000e+00	   9.8113208e-01	
   0.0000000e+00	   9.8113208e-01	
   0.0000000e+00	   9.8113208e-01	
   0.0000000e+00	   9.8113208e-01	
   0.0000000e+00	   9.8113208e-01	
   0.0000000e+00	   9.8113208e-01	
   0.0000000e+00	   9.8113208e-01	
   0.0000000e+00	   9.8113208e-01	
   0.0000000e+00	   9.8113208e-01	
   0.0000000e+00	   9.8113208e-01	
   0.0000000e+00	   9.8113208e-01	
   0.0000000e+00	   9.8113208e-01	
   3.6363636e-02	   9.8113208e-01	
   3.6363636e-02	   9.8113208e-01	
   5.4545455e-02	   9.8113208e-01	
   9.0909091e-02	   9.8113208e-01	
   9.0909091e-02	   9.8113208e-01	
   1.2727273e-01	   9.8113208e-01	
   1.2727273e-01	   9.8113208e-01	
   1.2727273e-01	   9.8113208e-01	
   1.4545455e-01	   9.6226415e-01	
   2.1818182e-01	   9.6226415e-01	
   2.5454545e-01	   9.6226415e-01	
   2.7272727e-01	   9.6226415e-01	
   3.0909091e-01	   9.4339623e-01	
   3.8181818e-01	   9.4339623e-01	
   4.1818182e-01	   9.4339623e-01	
   4.3636364e-01	   9.4339623e-01	
   4.3636364e-01	   9.4339623e-01	
   4.7272727e-01	   9.4339623e-01	
   4.7272727e-01	   9.4339623e-01	
   4.7272727e-01	   9.4339623e-01	
   4.9090909e-01	   9.4339623e-01	
   4.9090909e-01	   9.4339623e-01	
   4.9090909e-01	   9.4339623e-01	
   4.9090909e-01	   9.4339623e-01	
   4.9090909e-01	   9.4339623e-01	
   4.9090909e-01	   9.4339623e-01	
   5.0909091e-01	   9.4339623e-01	
   5.2727273e-01	   9.4339623e-01	
   5.2727273e-01	   9.2452830e-01	
   5.8181818e-01	   9.2452830e-01	
   6.0000000e-01	   9.0566038e-01	
   6.3636364e-01	   9.0566038e-01	
   6.5454545e-01	   9.0566038e-01	
   6.5454545e-01	   9.0566038e-01	
   6.5454545e-01	   9.0566038e-01	
   6.7272727e-01	   9.0566038e-01	
   6.7272727e-01	   9.0566038e-01	
   6.7272727e-01	   9.0566038e-01	
   7.0909091e-01	   9.0566038e-01	
   7.0909091e-01	   9.0566038e-01	
   7.0909091e-01	   9.0566038e-01	
   7.0909091e-01	   9.0566038e-01	
   7.0909091e-01	   9.0566038e-01	
   7.2727273e-01	   9.0566038e-01	
   7.2727273e-01	   9.0566038e-01	
   7.2727273e-01	   9.0566038e-01	
   7.2727273e-01	   9.0566038e-01	
   7.2727273e-01	   9.0566038e-01	
   7.6363636e-01	   8.8679245e-01	
   7.6363636e-01	   8.8679245e-01	
   7.6363636e-01	   8.8679245e-01	
   7.8181818e-01	   8.8679245e-01	
   7.8181818e-01	   8.8679245e-01	
   8.0000000e-01	   8.8679245e-01	
   8.0000000e-01	   8.8679245e-01	
   8.0000000e-01	   8.8679245e-01	
   8.0000000e-01	   8.8679245e-01	
   8.0000000e-01	   8.8679245e-01	
   8.0000000e-01	   8.8679245e-01	
   8.1818182e-01	   8.8679245e-01	
   8.1818182e-01	   8.8679245e-01	
   8.1818182e-01	   8.8679245e-01	
   8.1818182e-01	   8.8679245e-01	
   8.1818182e-01	   8.8679245e-01	
   8.1818182e-01	   8.8679245e-01	
   8.1818182e-01	   8.8679245e-01	
   8.1818182e-01	   8.8679245e-01	
   8.3636364e-01	   8.8679245e-01	
   8.3636364e-01	   8.8679245e-01	
   8.3636364e-01	   8.8679245e-01	
   8.5454545e-01	   8.8679245e-01	
   8.5454545e-01	   8.8679245e-01	
   8.7272727e-01	   8.8679245e-01	
   8.7272727e-01	   8.8679245e-01	
   8.9090909e-01	   8.8679245e-01	
   8.9090909e-01	   8.8679245e-01	
   8.9090909e-01	   8.8679245e-01	
   9.0909091e-01	   8.8679245e-01	
   9.0909091e-01	   8.8679245e-01	
   9.0909091e-01	   8.8679245e-01	
   9.0909091e-01	   8.8679245e-01	
   9.2727273e-01	   8.8679245e-01	
   9.2727273e-01	   8.8679245e-01	
   9.2727273e-01	   8.8679245e-01	
   9.2727273e-01	   8.4905660e-01	
   9.2727273e-01	   8.4905660e-01	
   9.2727273e-01	   8.3018868e-01	
   9.2727273e-01	   8.3018868e-01	
   9.2727273e-01	   8.1132075e-01	
   9.2727273e-01	   8.1132075e-01	
   9.2727273e-01	   8.1132075e-01	
   9.2727273e-01	   8.1132075e-01	
   9.2727273e-01	   8.1132075e-01	
   9.2727273e-01	   8.1132075e-01	
   9.2727273e-01	   8.1132075e-01	
   9.2727273e-01	   8.1132075e-01	
   9.2727273e-01	   8.1132075e-01	
   9.2727273e-01	   8.1132075e-01	
   9.2727273e-01	   8.1132075e-01	
   9.2727273e-01	   8.1132075e-01	
   9.2727273e-01	   8.1132075e-01	
   9.2727273e-01	   8.1132075e-01	
   9.2727273e-01	   7.9245283e-01	
   9.2727273e-01	   7.9245283e-01	
   9.2727273e-01	   7.9245283e-01	
   9.2727273e-01	   7.9245283e-01	
   9.2727273e-01	   7.7358491e-01	
   9.2727273e-01	   7.7358491e-01	
   9.2727273e-01	   7.7358491e-01	
   9.2727273e-01	   7.7358491e-01	
   9.2727273e-01	   7.7358491e-01	
   9.4545455e-01	   7.7358491e-01	
   9.4545455e-01	   7.7358491e-01	
   9.4545455e-01	   7.5471698e-01	
   9.4545455e-01	   7.5471698e-01	
   9.4545455e-01	   7.5471698e-01	
   9.6363636e-01	   7.5471698e-01	
   9.6363636e-01	   7.5471698e-01	
   9.6363636e-01	   7.5471698e-01	
   9.6363636e-01	   6.9811321e-01	
   9.6363636e-01	   6.7924528e-01	
   9.6363636e-01	   6.7924528e-01	
   9.6363636e-01	   6.7924528e-01	
   9.6363636e-01	   6.6037736e-01	
   9.6363636e-01	   6.6037736e-01	
   9.6363636e-01	   6.6037736e-01	
   9.8181818e-01	   6.6037736e-01	
   9.8181818e-01	   6.0377358e-01	
   9.8181818e-01	   6.0377358e-01	
   9.8181818e-01	   6.0377358e-01	
   9.8181818e-01	   6.0377358e-01	
   9.8181818e-01	   6.0377358e-01	
   9.8181818e-01	   6.0377358e-01	
   9.8181818e-01	   5.8490566e-01	
   9.8181818e-01	   5.8490566e-01	
   9.8181818e-01	   5.8490566e-01	
   9.8181818e-01	   5.8490566e-01	
   9.8181818e-01	   5.8490566e-01	
   9.8181818e-01	   5.8490566e-01	
   9.8181818e-01	   5.8490566e-01	
   9.8181818e-01	   5.8490566e-01	
   9.8181818e-01	   5.8490566e-01	
   9.8181818e-01	   5.8490566e-01	
   9.8181818e-01	   5.8490566e-01	
   9.8181818e-01	   5.8490566e-01	
   9.8181818e-01	   5.6603774e-01	
   9.8181818e-01	   5.6603774e-01	
   9.8181818e-01	   5.6603774e-01	
   9.8181818e-01	   5.6603774e-01	
   9.8181818e-01	   5.6603774e-01	
   9.8181818e-01	   5.6603774e-01	
   9.8181818e-01	   5.6603774e-01	
   9.8181818e-01	   5.6603774e-01	
   9.8181818e-01	   5.6603774e-01	
   9.8181818e-01	   5.6603774e-01	
   9.8181818e-01	   5.6603774e-01	
   9.8181818e-01	   5.4716981e-01	
   9.8181818e-01	   5.4716981e-01	
   9.8181818e-01	   5.4716981e-01	
   9.8181818e-01	   5.4716981e-01	
   9.8181818e-01	   5.4716981e-01	
   9.8181818e-01	   5.4716981e-01	
   9.8181818e-01	   5.4716981e-01	
   9.8181818e-01	   5.4716981e-01	
   9.8181818e-01	   5.4716981e-01	
   9.8181818e-01	   5.2830189e-01	
   9.8181818e-01	   5.2830189e-01	
   9.8181818e-01	   5.2830189e-01	
   9.8181818e-01	   5.2830189e-01	
   9.8181818e-01	   5.2830189e-01	
   9.8181818e-01	   5.2830189e-01	
   9.8181818e-01	   5.0943396e-01	
   9.8181818e-01	   5.0943396e-01	
   9.8181818e-01	   5.0943396e-01	
   9.8181818e-01	   5.0943396e-01	
   9.8181818e-01	   5.0943396e-01	
   9.8181818e-01	   5.0943396e-01	
   9.8181818e-01	   5.0943396e-01	
   1.0000000e+00	   5.0943396e-01	
   1.0000000e+00	   5.0943396e-01	
   1.0000000e+00	   5.0943396e-01	
   1.0000000e+00	   4.9056604e-01	
   1.0000000e+00	   4.9056604e-01	
   1.0000000e+00	   4.9056604e-01	
   1.0000000e+00	   4.9056604e-01	
   1.0000000e+00	   4.7169811e-01	
   1.0000000e+00	   4.5283019e-01	
   1.0000000e+00	   4.5283019e-01	
   1.0000000e+00	   4.3396226e-01	
   1.0000000e+00	   4.3396226e-01	
   1.0000000e+00	   4.1509434e-01	
   1.0000000e+00	   4.1509434e-01	
   1.0000000e+00	   4.1509434e-01	
   1.0000000e+00	   4.1509434e-01	
   1.0000000e+00	   4.1509434e-01	
   1.0000000e+00	   4.1509434e-01	
   1.0000000e+00	   4.1509434e-01	
   1.0000000e+00	   4.1509434e-01	
   1.0000000e+00	   4.1509434e-01	
   1.0000000e+00	   4.1509434e-01	
   1.0000000e+00	   4.1509434e-01	
   1.0000000e+00	   4.1509434e-01	
   1.0000000e+00	   4.1509434e-01	
   1.0000000e+00	   4.1509434e-01	
   1.0000000e+00	   4.1509434e-01	
   1.0000000e+00	   4.1509434e-01	
   1.0000000e+00	   4.1509434e-01	
   1.0000000e+00	   4.1509434e-01	
   1.0000000e+00	   4.1509434e-01	
   1.0000000e+00	   4.1509434e-01	
   1.0000000e+00	   4.1509434e-01	
   1.0000000e+00	   4.1509434e-01	
   1.0000000e+00	   4.1509434e-01	
   1.0000000e+00	   4.1509434e-01	
   1.0000000e+00	   3.9622642e-01	
   1.0000000e+00	   3.9622642e-01	
   1.0000000e+00	   3.9622642e-01	
   1.0000000e+00	   3.9622642e-01	
   1.0000000e+00	   3.9622642e-01	
   1.0000000e+00	   3.9622642e-01	
   1.0000000e+00	   3.9622642e-01	
   1.0000000e+00	   3.9622642e-01	
   1.0000000e+00	   3.9622642e-01	
   1.0000000e+00	   3.9622642e-01	
   1.0000000e+00	   3.9622642e-01	
   1.0000000e+00	   3.9622642e-01	
   1.0000000e+00	   3.9622642e-01	
   1.0000000e+00	   3.9622642e-01	
   1.0000000e+00	   3.9622642e-01	
   1.0000000e+00	   3.9622642e-01	
   1.0000000e+00	   3.9622642e-01	
   1.0000000e+00	   3.9622642e-01	
   1.0000000e+00	   3.9622642e-01	
   1.0000000e+00	   3.9622642e-01	
   1.0000000e+00	   3.9622642e-01	
   1.0000000e+00	   3.9622642e-01	
   1.0000000e+00	   3.9622642e-01	
   1.0000000e+00	   3.9622642e-01	
   1.0000000e+00	   3.9622642e-01	
   1.0000000e+00	   3.9622642e-01	
   1.0000000e+00	   3.9622642e-01	
   1.0000000e+00	   3.9622642e-01	
   1.0000000e+00	   3.9622642e-01	
   1.0000000e+00	   3.9622642e-01	
   1.0000000e+00	   3.9622642e-01	
   1.0000000e+00	   3.9622642e-01	
   1.0000000e+00	   3.9622642e-01	
   1.0000000e+00	   3.9622642e-01	
   1.0000000e+00	   3.9622642e-01	
   1.0000000e+00	   3.9622642e-01	
   1.0000000e+00	   3.9622642e-01	
   1.0000000e+00	   3.9622642e-01	
   1.0000000e+00	   3.9622642e-01	
   1.0000000e+00	   3.9622642e-01	
   1.0000000e+00	   3.9622642e-01	
   1.0000000e+00	   3.7735849e-01	
   1.0000000e+00	   3.7735849e-01	
   1.0000000e+00	   3.7735849e-01	
   1.0000000e+00	   3.7735849e-01	
   1.0000000e+00	   3.7735849e-01	
   1.0000000e+00	   3.7735849e-01	
   1.0000000e+00	   3.7735849e-01	
   1.0000000e+00	   3.7735849e-01	
   1.0000000e+00	   3.5849057e-01	
   1.0000000e+00	   3.3962264e-01	
   1.0000000e+00	   3.3962264e-01	
   1.0000000e+00	   3.3962264e-01	
   1.0000000e+00	   3.2075472e-01	
   1.0000000e+00	   3.2075472e-01	
   1.0000000e+00	   3.2075472e-01	
   1.0000000e+00	   3.2075472e-01	
   1.0000000e+00	   3.2075472e-01	
   1.0000000e+00	   3.2075472e-01	
   1.0000000e+00	   3.2075472e-01	
   1.0000000e+00	   3.2075472e-01	
   1.0000000e+00	   3.2075472e-01	
   1.0000000e+00	   3.2075472e-01	
   1.0000000e+00	   3.2075472e-01	
   1.0000000e+00	   3.2075472e-01	
   1.0000000e+00	   3.2075472e-01	
   1.0000000e+00	   3.2075472e-01	
   1.0000000e+00	   3.2075472e-01	
   1.0000000e+00	   3.0188679e-01	
   1.0000000e+00	   3.0188679e-01	
   1.0000000e+00	   3.0188679e-01	
   1.0000000e+00	   3.0188679e-01	
   1.0000000e+00	   2.8301887e-01	
   1.0000000e+00	   2.6415094e-01	
   1.0000000e+00	   2.6415094e-01	
   1.0000000e+00	   2.6415094e-01	
   1.0000000e+00	   2.6415094e-01	
   1.0000000e+00	   2.6415094e-01	
   1.0000000e+00	   2.6415094e-01	
   1.0000000e+00	   2.4528302e-01	
   1.0000000e+00	   2.4528302e-01	
   1.0000000e+00	   2.4528302e-01	
   1.0000000e+00	   2.4528302e-01	
   1.0000000e+00	   2.4528302e-01	
   1.0000000e+00	   2.4528302e-01	
   1.0000000e+00	   2.4528302e-01	
   1.0000000e+00	   2.4528302e-01	
   1.0000000e+00	   2.4528302e-01	
   1.0000000e+00	   2.2641509e-01	
   1.0000000e+00	   2.2641509e-01	
   1.0000000e+00	   2.2641509e-01	
   1.0000000e+00	   2.2641509e-01	
   1.0000000e+00	   2.2641509e-01	
   1.0000000e+00	   2.2641509e-01	
   1.0000000e+00	   2.2641509e-01	
   1.0000000e+00	   2.2641509e-01	
   1.0000000e+00	   2.2641509e-01	
   1.0000000e+00	   2.2641509e-01	
   1.0000000e+00	   2.2641509e-01	
   1.0000000e+00	   2.2641509e-01	
   1.0000000e+00	   2.2641509e-01	
   1.0000000e+00	   2.2641509e-01	
   1.0000000e+00	   2.2641509e-01	
   1.0000000e+00	   2.0754717e-01	
   1.0000000e+00	   2.0754717e-01	
   1.0000000e+00	   2.0754717e-01	
   1.0000000e+00	   2.0754717e-01	
   1.0000000e+00	   2.0754717e-01	
   1.0000000e+00	   2.0754717e-01	
   1.0000000e+00	   2.0754717e-01	
   1.0000000e+00	   2.0754717e-01	
   1.0000000e+00	   2.0754717e-01	
   1.0000000e+00	   2.0754717e-01	
   1.0000000e+00	   2.0754717e-01	
   1.0000000e+00	   2.0754717e-01	
   1.0000000e+00	   2.0754717e-01	
   1.0000000e+00	   2.0754717e-01	
   1.0000000e+00	   2.0754717e-01	
   1.0000000e+00	   2.0754717e-01	
   1.0000000e+00	   2.0754717e-01	
   1.0000000e+00	   1.8867925e-01	
   1.0000000e+00	   1.8867925e-01	
   1.0000000e+00	   1.8867925e-01	
   1.0000000e+00	   1.8867925e-01	
   1.0000000e+00	   1.8867925e-01	
   1.0000000e+00	   1.8867925e-01	
   1.0000000e+00	   1.8867925e-01	
   1.0000000e+00	   1.8867925e-01	
   1.0000000e+00	   1.8867925e-01	
   1.0000000e+00	   1.8867925e-01	
   1.0000000e+00	   1.8867925e-01	
   1.0000000e+00	   1.8867925e-01	
   1.0000000e+00	   1.8867925e-01	
   1.0000000e+00	   1.8867925e-01	
   1.0000000e+00	   1.8867925e-01	
   1.0000000e+00	   1.8867925e-01	
   1.0000000e+00	   1.8867925e-01	
   1.0000000e+00	   1.6981132e-01	
   1.0000000e+00	   1.6981132e-01	
   1.0000000e+00	   1.6981132e-01	
   1.0000000e+00	   1.6981132e-01	
   1.0000000e+00	   1.6981132e-01	
   1.0000000e+00	   1.5094340e-01	
   1.0000000e+00	   1.5094340e-01	
   1.0000000e+00	   1.5094340e-01	
   1.0000000e+00	   1.5094340e-01	
   1.0000000e+00	   1.5094340e-01	
   1.0000000e+00	   1.5094340e-01	
   1.0000000e+00	   1.5094340e-01	
   1.0000000e+00	   1.5094340e-01	
   1.0000000e+00	   1.5094340e-01	
   1.0000000e+00	   1.5094340e-01	
   1.0000000e+00	   1.5094340e-01	
   1.0000000e+00	   1.5094340e-01	
   1.0000000e+00	   1.5094340e-01	
   1.0000000e+00	   1.5094340e-01	
   1.0000000e+00	   1.5094340e-01	
   1.0000000e+00	   1.3207547e-01	
   1.0000000e+00	   9.4339623e-02	
   1.0000000e+00	   9.4339623e-02	
   1.0000000e+00	   9.4339623e-02	
   1.0000000e+00	   9.4339623e-02	
   1.0000000e+00	   9.4339623e-02	
   1.0000000e+00	   9.4339623e-02	
   1.0000000e+00	   9.4339623e-02	
   1.0000000e+00	   9.4339623e-02	
   1.0000000e+00	   9.4339623e-02	
   1.0000000e+00	   9.4339623e-02	
   1.0000000e+00	   7.5471698e-02	
   1.0000000e+00	   7.5471698e-02	
   1.0000000e+00	   7.5471698e-02	
   1.0000000e+00	   7.5471698e-02	
   1.0000000e+00	   7.5471698e-02	
   1.0000000e+00	   5.6603774e-02	
   1.0000000e+00	   5.6603774e-02	
   1.0000000e+00	   5.6603774e-02	
   1.0000000e+00	   5.6603774e-02	
   1.0000000e+00	   5.6603774e-02	
   1.0000000e+00	   5.6603774e-02	
   1.0000000e+00	   5.6603774e-02	
   1.0000000e+00	   5.6603774e-02	
   1.0000000e+00	   5.6603774e-02	
   1.0000000e+00	   5.6603774e-02	
   1.0000000e+00	   3.7735849e-02	
   1.0000000e+00	   3.7735849e-02	
   1.0000000e+00	   3.7735849e-02	
   1.0000000e+00	   3.7735849e-02	
   1.0000000e+00	   3.7735849e-02	
   1.0000000e+00	   3.7735849e-02	
   1.0000000e+00	   3.7735849e-02	
   1.0000000e+00	   3.7735849e-02	
   1.0000000e+00	   3.7735849e-02	
   1.0000000e+00	   3.7735849e-02	
   1.0000000e+00	   3.7735849e-02	
   1.0000000e+00	   3.7735849e-02	
   1.0000000e+00	   3.7735849e-02	
   1.0000000e+00	   3.7735849e-02	
   1.0000000e+00	   3.7735849e-02	
   1.0000000e+00	   3.7735849e-02	
   1.0000000e+00	   3.7735849e-02	
   1.0000000e+00	   3.7735849e-02	
   1.0000000e+00	   3.7735849e-02	
   1.0000000e+00	   3.7735849e-02	
   1.0000000e+00	   3.7735849e-02	
   1.0000000e+00	   3.7735849e-02	
   1.0000000e+00	   3.7735849e-02	
   1.0000000e+00	   3.7735849e-02	
   1.0000000e+00	   3.7735849e-02	
   1.0000000e+00	   3.7735849e-02	
   1.0000000e+00	   3.7735849e-02	
   1.0000000e+00	   3.7735849e-02	
   1.0000000e+00	   3.7735849e-02	
   1.0000000e+00	   3.7735849e-02	
   1.0000000e+00	   3.7735849e-02	
   1.0000000e+00	   3.7735849e-02	
   1.0000000e+00	   3.7735849e-02	
   1.0000000e+00	   1.8867925e-02	
   1.0000000e+00	   1.8867925e-02	
   1.0000000e+00	   1.8867925e-02	
   1.0000000e+00	   1.8867925e-02	
   1.0000000e+00	   1.8867925e-02	
   1.0000000e+00	   1.8867925e-02	
   1.0000000e+00	   1.8867925e-02	
   1.0000000e+00	   1.8867925e-02	
   1.0000000e+00	   1.8867925e-02	
   1.0000000e+00	   1.8867925e-02	
   1.0000000e+00	   0.0000000e+00	
   1.0000000e+00	   0.0000000e+00	
   1.0000000e+00	   0.0000000e+00	
   1.0000000e+00	   0.0000000e+00	
   1.0000000e+00	   0.0000000e+00	
   1.0000000e+00	   0.0000000e+00	
   1.0000000e+00	   0.0000000e+00	
   1.0000000e+00	   0.0000000e+00	
   1.0000000e+00	   0.0000000e+00	
   1.0000000e+00	   0.0000000e+00	
   1.0000000e+00	   0.0000000e+00	
   1.0000000e+00	   0.0000000e+00	
   1.0000000e+00	   0.0000000e+00	
   1.0000000e+00	   0.0000000e+00	
   1.0000000e+00	   0.0000000e+00	
   1.0000000e+00	   0.0000000e+00	
   1.0000000e+00	   0.0000000e+00	
   1.0000000e+00	   0.0000000e+00	
   1.0000000e+00	   0.0000000e+00	
   1.0000000e+00	   0.0000000e+00	
   1.0000000e+00	   0.0000000e+00	
   1.0000000e+00	   0.0000000e+00	
   1.0000000e+00	   0.0000000e+00	
   1.0000000e+00	   0.0000000e+00	
   1.0000000e+00	   0.0000000e+00	
   1.0000000e+00	   0.0000000e+00	
   1.0000000e+00	   0.0000000e+00	
   1.0000000e+00	   0.0000000e+00	
   1.0000000e+00	   0.0000000e+00	
   1.0000000e+00	   0.0000000e+00	
   1.0000000e+00	   0.0000000e+00	
   1.0000000e+00	   0.0000000e+00	
   1.0000000e+00	   0.0000000e+00	
   1.0000000e+00	   0.0000000e+00	
   1.0000000e+00	   0.0000000e+00	
   1.0000000e+00	   0.0000000e+00	
   1.0000000e+00	   0.0000000e+00	
   1.0000000e+00	   0.0000000e+00	
   1.0000000e+00	   0.0000000e+00	
   1.0000000e+00	   0.0000000e+00	
   1.0000000e+00	   0.0000000e+00	
   1.0000000e+00	   0.0000000e+00	
   1.0000000e+00	   0.0000000e+00	
   1.0000000e+00	   0.0000000e+00	
   1.0000000e+00	   0.0000000e+00	
   1.0000000e+00	   0.0000000e+00	
   1.0000000e+00	   0.0000000e+00	
   1.0000000e+00	   0.0000000e+00	
   1.0000000e+00	   0.0000000e+00	
   1.0000000e+00	   0.0000000e+00	
   1.0000000e+00	   0.0000000e+00	
   1.0000000e+00	   0.0000000e+00	
   1.0000000e+00	   0.0000000e+00	
   1.0000000e+00	   0.0000000e+00	
   1.0000000e+00	   0.0000000e+00	
   1.0000000e+00	   0.0000000e+00	
   1.0000000e+00	   0.0000000e+00	
   1.0000000e+00	   0.0000000e+00	
   1.0000000e+00	   0.0000000e+00	
   1.0000000e+00	   0.0000000e+00	
   1.0000000e+00	   0.0000000e+00	
   1.0000000e+00	   0.0000000e+00	
   1.0000000e+00	   0.0000000e+00	
   1.0000000e+00	   0.0000000e+00	
   1.0000000e+00	   0.0000000e+00	
   1.0000000e+00	   0.0000000e+00	
   1.0000000e+00	   0.0000000e+00	
   1.0000000e+00	   0.0000000e+00	
   1.0000000e+00	   0.0000000e+00	
   1.0000000e+00	   0.0000000e+00	
   1.0000000e+00	   0.0000000e+00	
   1.0000000e+00	   0.0000000e+00	
   1.0000000e+00	   0.0000000e+00	
   1.0000000e+00	   0.0000000e+00	
   1.0000000e+00	   0.0000000e+00	
   1.0000000e+00	   0.0000000e+00	
   1.0000000e+00	   0.0000000e+00	
   1.0000000e+00	   0.0000000e+00	
   1.0000000e+00	   0.0000000e+00	
   1.0000000e+00	   0.0000000e+00	
   1.0000000e+00	   0.0000000e+00	
   1.0000000e+00	   0.0000000e+00	
   1.0000000e+00	   0.0000000e+00	
   1.0000000e+00	   0.0000000e+00	
   1.0000000e+00	   0.0000000e+00	
   1.0000000e+00	   0.0000000e+00	
   1.0000000e+00	   0.0000000e+00	
   1.0000000e+00	   0.0000000e+00	
   1.0000000e+00	   0.0000000e+00	
   1.0000000e+00	   0.0000000e+00	
   1.0000000e+00	   0.0000000e+00	
   1.0000000e+00	   0.0000000e+00	
   1.0000000e+00	   0.0000000e+00	
   1.0000000e+00	   0.0000000e+00	
   1.0000000e+00	   0.0000000e+00	
   1.0000000e+00	   0.0000000e+00	
   1.0000000e+00	   0.0000000e+00	
   1.0000000e+00	   0.0000000e+00	
   1.0000000e+00	   0.0000000e+00	
   1.0000000e+00	   0.0000000e+00	
   1.0000000e+00	   0.0000000e+00	
   1.0000000e+00	   0.0000000e+00	
   1.0000000e+00	   0.0000000e+00	
   1.0000000e+00	   0.0000000e+00	
   1.0000000e+00	   0.0000000e+00	
   1.0000000e+00	   0.0000000e+00	
   1.0000000e+00	   0.0000000e+00	
   1.0000000e+00	   0.0000000e+00	
   1.0000000e+00	   0.0000000e+00	
   1.0000000e+00	   0.0000000e+00	
   1.0000000e+00	   0.0000000e+00	
   1.0000000e+00	   0.0000000e+00	
   1.0000000e+00	   0.0000000e+00	
   1.0000000e+00	   0.0000000e+00	
   1.0000000e+00	   0.0000000e+00	
   1.0000000e+00	   0.0000000e+00	
   1.0000000e+00	   0.0000000e+00	
   1.0000000e+00	   0.0000000e+00	
   1.0000000e+00	   0.0000000e+00	
   1.0000000e+00	   0.0000000e+00	
   1.0000000e+00	   0.0000000e+00	
   1.0000000e+00	   0.0000000e+00	
   1.0000000e+00	   0.0000000e+00	
   1.0000000e+00	   0.0000000e+00	
   1.0000000e+00	   0.0000000e+00	
   1.0000000e+00	   0.0000000e+00	
   1.0000000e+00	   0.0000000e+00	
   1.0000000e+00	   0.0000000e+00	
   1.0000000e+00	   0.0000000e+00	
   1.0000000e+00	   0.0000000e+00	
   1.0000000e+00	   0.0000000e+00	
   1.0000000e+00	   0.0000000e+00	
   1.0000000e+00	   0.0000000e+00	
   1.0000000e+00	   0.0000000e+00	
   1.0000000e+00	   0.0000000e+00	
   1.0000000e+00	   0.0000000e+00	
   1.0000000e+00	   0.0000000e+00	
   1.0000000e+00	   0.0000000e+00	
   1.0000000e+00	   0.0000000e+00	
   1.0000000e+00	   0.0000000e+00	
   1.0000000e+00	   0.0000000e+00	
   1.0000000e+00	   0.0000000e+00	
   1.0000000e+00	   0.0000000e+00	
   1.0000000e+00	   0.0000000e+00	
   1.0000000e+00	   0.0000000e+00	
   1.0000000e+00	   0.0000000e+00	
   1.0000000e+00	   0.0000000e+00	
   1.0000000e+00	   0.0000000e+00	
   1.0000000e+00	   0.0000000e+00	
   1.0000000e+00	   0.0000000e+00	
   1.0000000e+00	   0.0000000e+00	
   1.0000000e+00	   0.0000000e+00	
   1.0000000e+00	   0.0000000e+00	
   1.0000000e+00	   0.0000000e+00	
   1.0000000e+00	   0.0000000e+00	
   1.0000000e+00	   0.0000000e+00	
   1.0000000e+00	   0.0000000e+00	
   1.0000000e+00	   0.0000000e+00	
   1.0000000e+00	   0.0000000e+00	
   1.0000000e+00	   0.0000000e+00	
   1.0000000e+00	   0.0000000e+00	
   1.0000000e+00	   0.0000000e+00	
   1.0000000e+00	   0.0000000e+00	
   1.0000000e+00	   0.0000000e+00	
   1.0000000e+00	   0.0000000e+00	
   1.0000000e+00	   0.0000000e+00	
   1.0000000e+00	   0.0000000e+00	
   1.0000000e+00	   0.0000000e+00	
   1.0000000e+00	   0.0000000e+00	
   1.0000000e+00	   0.0000000e+00	
   1.0000000e+00	   0.0000000e+00	
   1.0000000e+00	   0.0000000e+00	
   1.0000000e+00	   0.0000000e+00	
   1.0000000e+00	   0.0000000e+00	
   1.0000000e+00	   0.0000000e+00	
   1.0000000e+00	   0.0000000e+00	
   1.0000000e+00	   0.0000000e+00	
   1.0000000e+00	   0.0000000e+00	
   1.0000000e+00	   0.0000000e+00	
   1.0000000e+00	   0.0000000e+00	
   1.0000000e+00	   0.0000000e+00	
   1.0000000e+00	   0.0000000e+00	
   1.0000000e+00	   0.0000000e+00	
   1.0000000e+00	   0.0000000e+00	
   1.0000000e+00	   0.0000000e+00	
   1.0000000e+00	   0.0000000e+00	
   1.0000000e+00	   0.0000000e+00	
   1.0000000e+00	   0.0000000e+00	
   1.0000000e+00	   0.0000000e+00	
   1.0000000e+00	   0.0000000e+00	
   1.0000000e+00	   0.0000000e+00	
   1.0000000e+00	   0.0000000e+00	
   1.0000000e+00	   0.0000000e+00	
   1.0000000e+00	   0.0000000e+00	
   1.0000000e+00	   0.0000000e+00	
   1.0000000e+00	   0.0000000e+00	
   1.0000000e+00	   0.0000000e+00	
   1.0000000e+00	   0.0000000e+00	
   1.0000000e+00	   0.0000000e+00	
   1.0000000e+00	   0.0000000e+00	
   1.0000000e+00	   0.0000000e+00	
   1.0000000e+00	   0.0000000e+00	
   1.0000000e+00	   0.0000000e+00	
   1.0000000e+00	   0.0000000e+00	
   1.0000000e+00	   0.0000000e+00	
   1.0000000e+00	   0.0000000e+00	
   1.0000000e+00	   0.0000000e+00	
   1.0000000e+00	   0.0000000e+00	
   1.0000000e+00	   0.0000000e+00	
   1.0000000e+00	   0.0000000e+00	
   1.0000000e+00	   0.0000000e+00	
   1.0000000e+00	   0.0000000e+00	
   1.0000000e+00	   0.0000000e+00	
   1.0000000e+00	   0.0000000e+00	
   1.0000000e+00	   0.0000000e+00	
   1.0000000e+00	   0.0000000e+00	
   1.0000000e+00	   0.0000000e+00	
   1.0000000e+00	   0.0000000e+00	
   1.0000000e+00	   0.0000000e+00	
   1.0000000e+00	   0.0000000e+00	
   1.0000000e+00	   0.0000000e+00	
   1.0000000e+00	   0.0000000e+00	
   1.0000000e+00	   0.0000000e+00	
   1.0000000e+00	   0.0000000e+00	
   1.0000000e+00	   0.0000000e+00	
   1.0000000e+00	   0.0000000e+00	
   1.0000000e+00	   0.0000000e+00	
   1.0000000e+00	   0.0000000e+00	
   1.0000000e+00	   0.0000000e+00	
   1.0000000e+00	   0.0000000e+00	
   1.0000000e+00	   0.0000000e+00	
   1.0000000e+00	   0.0000000e+00	
   1.0000000e+00	   0.0000000e+00	
   1.0000000e+00	   0.0000000e+00	
   1.0000000e+00	   0.0000000e+00	
   1.0000000e+00	   0.0000000e+00	
   1.0000000e+00	   0.0000000e+00	
   1.0000000e+00	   0.0000000e+00	
   1.0000000e+00	   0.0000000e+00	
   1.0000000e+00	   0.0000000e+00	
   1.0000000e+00	   0.0000000e+00	
   1.0000000e+00	   0.0000000e+00	
   1.0000000e+00	   0.0000000e+00	
   1.0000000e+00	   0.0000000e+00	
   1.0000000e+00	   0.0000000e+00	
   1.0000000e+00	   0.0000000e+00	
   1.0000000e+00	   0.0000000e+00	
   1.0000000e+00	   0.0000000e+00	
   1.0000000e+00	   0.0000000e+00	
   1.0000000e+00	   0.0000000e+00	
   1.0000000e+00	   0.0000000e+00	
   1.0000000e+00	   0.0000000e+00	
   1.0000000e+00	   0.0000000e+00	
   1.0000000e+00	   0.0000000e+00	
   1.0000000e+00	   0.0000000e+00	
   1.0000000e+00	   0.0000000e+00	
   1.0000000e+00	   0.0000000e+00	
   1.0000000e+00	   0.0000000e+00	
   1.0000000e+00	   0.0000000e+00	
   1.0000000e+00	   0.0000000e+00	
   1.0000000e+00	   0.0000000e+00	
   1.0000000e+00	   0.0000000e+00	
   1.0000000e+00	   0.0000000e+00	
   1.0000000e+00	   0.0000000e+00	
   1.0000000e+00	   0.0000000e+00	
   1.0000000e+00	   0.0000000e+00	
   1.0000000e+00	   0.0000000e+00	
   1.0000000e+00	   0.0000000e+00	
   1.0000000e+00	   0.0000000e+00	
   1.0000000e+00	   0.0000000e+00	
   1.0000000e+00	   0.0000000e+00	
   1.0000000e+00	   0.0000000e+00	
   1.0000000e+00	   0.0000000e+00	
   1.0000000e+00	   0.0000000e+00	
   1.0000000e+00	   0.0000000e+00	
   1.0000000e+00	   0.0000000e+00	
   1.0000000e+00	   0.0000000e+00	
   1.0000000e+00	   0.0000000e+00	
   1.0000000e+00	   0.0000000e+00	
   1.0000000e+00	   0.0000000e+00	
   1.0000000e+00	   0.0000000e+00	
   1.0000000e+00	   0.0000000e+00	
   1.0000000e+00	   0.0000000e+00	
   1.0000000e+00	   0.0000000e+00	
   1.0000000e+00	   0.0000000e+00	
   1.0000000e+00	   0.0000000e+00	
   1.0000000e+00	   0.0000000e+00	
   1.0000000e+00	   0.0000000e+00	
   1.0000000e+00	   0.0000000e+00	
   1.0000000e+00	   0.0000000e+00	
   1.0000000e+00	   0.0000000e+00	
   1.0000000e+00	   0.0000000e+00	
   1.0000000e+00	   0.0000000e+00	
   1.0000000e+00	   0.0000000e+00	
   1.0000000e+00	   0.0000000e+00	
   1.0000000e+00	   0.0000000e+00	
   1.0000000e+00	   0.0000000e+00	
   1.0000000e+00	   0.0000000e+00	
   1.0000000e+00	   0.0000000e+00	
   1.0000000e+00	   0.0000000e+00	
   1.0000000e+00	   0.0000000e+00	
   1.0000000e+00	   0.0000000e+00	
   1.0000000e+00	   0.0000000e+00	
   1.0000000e+00	   0.0000000e+00	
   1.0000000e+00	   0.0000000e+00	
   1.0000000e+00	   0.0000000e+00	
   1.0000000e+00	   0.0000000e+00	
   1.0000000e+00	   0.0000000e+00	
   1.0000000e+00	   0.0000000e+00	
   1.0000000e+00	   0.0000000e+00	
   1.0000000e+00	   0.0000000e+00	
   1.0000000e+00	   0.0000000e+00	
   1.0000000e+00	   0.0000000e+00	
   1.0000000e+00	   0.0000000e+00	
   1.0000000e+00	   0.0000000e+00	
   1.0000000e+00	   0.0000000e+00	
   1.0000000e+00	   0.0000000e+00	
   1.0000000e+00	   0.0000000e+00	
   1.0000000e+00	   0.0000000e+00	
   1.0000000e+00	   0.0000000e+00	
   1.0000000e+00	   0.0000000e+00	
   1.0000000e+00	   0.0000000e+00	
   1.0000000e+00	   0.0000000e+00	
   1.0000000e+00	   0.0000000e+00	
   1.0000000e+00	   0.0000000e+00	
   1.0000000e+00	   0.0000000e+00	
   1.0000000e+00	   0.0000000e+00	
   1.0000000e+00	   0.0000000e+00	
   1.0000000e+00	   0.0000000e+00	
   1.0000000e+00	   0.0000000e+00	
   1.0000000e+00	   0.0000000e+00	
   1.0000000e+00	   0.0000000e+00	
   1.0000000e+00	   0.0000000e+00	
   1.0000000e+00	   0.0000000e+00	
   1.0000000e+00	   0.0000000e+00	
   1.0000000e+00	   0.0000000e+00	
   1.0000000e+00	   0.0000000e+00	
   1.0000000e+00	   0.0000000e+00	
   1.0000000e+00	   0.0000000e+00	
   1.0000000e+00	   0.0000000e+00	
   1.0000000e+00	   0.0000000e+00	
   1.0000000e+00	   0.0000000e+00	
   1.0000000e+00	   0.0000000e+00	
   1.0000000e+00	   0.0000000e+00	
   1.0000000e+00	   0.0000000e+00	
   1.0000000e+00	   0.0000000e+00	
   1.0000000e+00	   0.0000000e+00	
   1.0000000e+00	   0.0000000e+00	
   1.0000000e+00	   0.0000000e+00	
   1.0000000e+00	   0.0000000e+00	
   1.0000000e+00	   0.0000000e+00	
   1.0000000e+00	   0.0000000e+00	
   1.0000000e+00	   0.0000000e+00	
   1.0000000e+00	   0.0000000e+00	
   1.0000000e+00	   0.0000000e+00	
   1.0000000e+00	   0.0000000e+00	
   1.0000000e+00	   0.0000000e+00	
   1.0000000e+00	   0.0000000e+00	
   1.0000000e+00	   0.0000000e+00	
   1.0000000e+00	   0.0000000e+00	
   1.0000000e+00	   0.0000000e+00	
   1.0000000e+00	   0.0000000e+00	
   1.0000000e+00	   0.0000000e+00	
   1.0000000e+00	   0.0000000e+00	
   1.0000000e+00	   0.0000000e+00	
   1.0000000e+00	   0.0000000e+00	
   1.0000000e+00	   0.0000000e+00	
   1.0000000e+00	   0.0000000e+00	
   1.0000000e+00	   0.0000000e+00	
   1.0000000e+00	   0.0000000e+00	
   1.0000000e+00	   0.0000000e+00	
   1.0000000e+00	   0.0000000e+00	
   1.0000000e+00	   0.0000000e+00	
   1.0000000e+00	   0.0000000e+00	
   1.0000000e+00	   0.0000000e+00	
   1.0000000e+00	   0.0000000e+00	
   1.0000000e+00	   0.0000000e+00	
   1.0000000e+00	   0.0000000e+00	
   1.0000000e+00	   0.0000000e+00	
   1.0000000e+00	   0.0000000e+00	
   1.0000000e+00	   0.0000000e+00	
   1.0000000e+00	   0.0000000e+00	
   1.0000000e+00	   0.0000000e+00	
   1.0000000e+00	   0.0000000e+00	
   1.0000000e+00	   0.0000000e+00	
   1.0000000e+00	   0.0000000e+00	
   1.0000000e+00	   0.0000000e+00	
   1.0000000e+00	   0.0000000e+00	
   1.0000000e+00	   0.0000000e+00	
   1.0000000e+00	   0.0000000e+00	
   1.0000000e+00	   0.0000000e+00	
   1.0000000e+00	   0.0000000e+00	
   1.0000000e+00	   0.0000000e+00	
   1.0000000e+00	   0.0000000e+00	
   1.0000000e+00	   0.0000000e+00	
   1.0000000e+00	   0.0000000e+00	
   1.0000000e+00	   0.0000000e+00	
   1.0000000e+00	   0.0000000e+00	
   1.0000000e+00	   0.0000000e+00	
   1.0000000e+00	   0.0000000e+00	
   1.0000000e+00	   0.0000000e+00	
   1.0000000e+00	   0.0000000e+00	
   1.0000000e+00	   0.0000000e+00	
   1.0000000e+00	   0.0000000e+00	
   1.0000000e+00	   0.0000000e+00	
   1.0000000e+00	   0.0000000e+00	
   1.0000000e+00	   0.0000000e+00	
   1.0000000e+00	   0.0000000e+00	
   1.0000000e+00	   0.0000000e+00	
   1.0000000e+00	   0.0000000e+00	
   1.0000000e+00	   0.0000000e+00	
   1.0000000e+00	   0.0000000e+00	
   1.0000000e+00	   0.0000000e+00	
   1.0000000e+00	   0.0000000e+00	
   1.0000000e+00	   0.0000000e+00	
   1.0000000e+00	   0.0000000e+00	
   1.0000000e+00	   0.0000000e+00	
   1.0000000e+00	   0.0000000e+00	
   1.0000000e+00	   0.0000000e+00	
   1.0000000e+00	   0.0000000e+00	
   1.0000000e+00	   0.0000000e+00	
   1.0000000e+00	   0.0000000e+00	
   1.0000000e+00	   0.0000000e+00	
   1.0000000e+00	   0.0000000e+00	
   1.0000000e+00	   0.0000000e+00	
   1.0000000e+00	   0.0000000e+00	
   1.0000000e+00	   0.0000000e+00	
   1.0000000e+00	   0.0000000e+00	
   1.0000000e+00	   0.0000000e+00	
   1.0000000e+00	   0.0000000e+00	
   1.0000000e+00	   0.0000000e+00	
   1.0000000e+00	   0.0000000e+00	
   1.0000000e+00	   0.0000000e+00	
   1.0000000e+00	   0.0000000e+00	
   1.0000000e+00	   0.0000000e+00	
   1.0000000e+00	   0.0000000e+00	
   1.0000000e+00	   0.0000000e+00	
   1.0000000e+00	   0.0000000e+00	
   1.0000000e+00	   0.0000000e+00	
   1.0000000e+00	   0.0000000e+00	
   1.0000000e+00	   0.0000000e+00	
   1.0000000e+00	   0.0000000e+00	
   1.0000000e+00	   0.0000000e+00	
   1.0000000e+00	   0.0000000e+00	
   1.0000000e+00	   0.0000000e+00	
   1.0000000e+00	   0.0000000e+00	
   1.0000000e+00	   0.0000000e+00	
   1.0000000e+00	   0.0000000e+00	
   1.0000000e+00	   0.0000000e+00	
   1.0000000e+00	   0.0000000e+00	
   1.0000000e+00	   0.0000000e+00	
   1.0000000e+00	   0.0000000e+00	
   1.0000000e+00	   0.0000000e+00	
   1.0000000e+00	   0.0000000e+00	
   1.0000000e+00	   0.0000000e+00	
   1.0000000e+00	   0.0000000e+00	
   1.0000000e+00	   0.0000000e+00	
   1.0000000e+00	   0.0000000e+00	
   1.0000000e+00	   0.0000000e+00	
   1.0000000e+00	   0.0000000e+00	
   1.0000000e+00	   0.0000000e+00	
   1.0000000e+00	   0.0000000e+00	
   1.0000000e+00	   0.0000000e+00	
   1.0000000e+00	   0.0000000e+00	
   1.0000000e+00	   0.0000000e+00	
   1.0000000e+00	   0.0000000e+00	
   1.0000000e+00	   0.0000000e+00	
   1.0000000e+00	   0.0000000e+00	
   1.0000000e+00	   0.0000000e+00	
   1.0000000e+00	   0.0000000e+00	
   1.0000000e+00	   0.0000000e+00	
   1.0000000e+00	   0.0000000e+00	
   1.0000000e+00	   0.0000000e+00	
   1.0000000e+00	   0.0000000e+00	
   1.0000000e+00	   0.0000000e+00	
   1.0000000e+00	   0.0000000e+00	
   1.0000000e+00	   0.0000000e+00	
   1.0000000e+00	   0.0000000e+00	
   1.0000000e+00	   0.0000000e+00	
   1.0000000e+00	   0.0000000e+00	
