   0.0000000e+00	   1.0000000e+00	
   0.0000000e+00	   1.0000000e+00	
   0.0000000e+00	   1.0000000e+00	
   0.0000000e+00	   1.0000000e+00	
   0.0000000e+00	   1.0000000e+00	
   0.0000000e+00	   1.0000000e+00	
   0.0000000e+00	   1.0000000e+00	
   0.0000000e+00	   1.0000000e+00	
   0.0000000e+00	   1.0000000e+00	
   0.0000000e+00	   1.0000000e+00	
   0.0000000e+00	   1.0000000e+00	
   0.0000000e+00	   1.0000000e+00	
   0.0000000e+00	   1.0000000e+00	
   0.0000000e+00	   1.0000000e+00	
   0.0000000e+00	   1.0000000e+00	
   0.0000000e+00	   1.0000000e+00	
   0.0000000e+00	   1.0000000e+00	
   0.0000000e+00	   1.0000000e+00	
   0.0000000e+00	   1.0000000e+00	
   0.0000000e+00	   1.0000000e+00	
   0.0000000e+00	   1.0000000e+00	
   0.0000000e+00	   1.0000000e+00	
   0.0000000e+00	   1.0000000e+00	
   0.0000000e+00	   1.0000000e+00	
   0.0000000e+00	   1.0000000e+00	
   0.0000000e+00	   1.0000000e+00	
   0.0000000e+00	   1.0000000e+00	
   0.0000000e+00	   1.0000000e+00	
   0.0000000e+00	   1.0000000e+00	
   0.0000000e+00	   1.0000000e+00	
   0.0000000e+00	   1.0000000e+00	
   0.0000000e+00	   1.0000000e+00	
   0.0000000e+00	   1.0000000e+00	
   0.0000000e+00	   1.0000000e+00	
   0.0000000e+00	   1.0000000e+00	
   0.0000000e+00	   1.0000000e+00	
   0.0000000e+00	   1.0000000e+00	
   0.0000000e+00	   1.0000000e+00	
   0.0000000e+00	   1.0000000e+00	
   0.0000000e+00	   1.0000000e+00	
   0.0000000e+00	   1.0000000e+00	
   0.0000000e+00	   1.0000000e+00	
   0.0000000e+00	   1.0000000e+00	
   0.0000000e+00	   1.0000000e+00	
   0.0000000e+00	   1.0000000e+00	
   0.0000000e+00	   1.0000000e+00	
   0.0000000e+00	   1.0000000e+00	
   0.0000000e+00	   1.0000000e+00	
   0.0000000e+00	   1.0000000e+00	
   0.0000000e+00	   1.0000000e+00	
   0.0000000e+00	   1.0000000e+00	
   0.0000000e+00	   1.0000000e+00	
   0.0000000e+00	   1.0000000e+00	
   0.0000000e+00	   1.0000000e+00	
   0.0000000e+00	   1.0000000e+00	
   0.0000000e+00	   1.0000000e+00	
   0.0000000e+00	   1.0000000e+00	
   0.0000000e+00	   1.0000000e+00	
   0.0000000e+00	   1.0000000e+00	
   0.0000000e+00	   1.0000000e+00	
   0.0000000e+00	   1.0000000e+00	
   0.0000000e+00	   1.0000000e+00	
   0.0000000e+00	   1.0000000e+00	
   0.0000000e+00	   1.0000000e+00	
   0.0000000e+00	   1.0000000e+00	
   0.0000000e+00	   1.0000000e+00	
   0.0000000e+00	   1.0000000e+00	
   0.0000000e+00	   1.0000000e+00	
   0.0000000e+00	   1.0000000e+00	
   0.0000000e+00	   1.0000000e+00	
   0.0000000e+00	   1.0000000e+00	
   0.0000000e+00	   1.0000000e+00	
   0.0000000e+00	   1.0000000e+00	
   0.0000000e+00	   1.0000000e+00	
   0.0000000e+00	   1.0000000e+00	
   0.0000000e+00	   1.0000000e+00	
   0.0000000e+00	   1.0000000e+00	
   0.0000000e+00	   1.0000000e+00	
   3.2894737e-03	   1.0000000e+00	
   3.2894737e-03	   1.0000000e+00	
   3.2894737e-03	   1.0000000e+00	
   3.2894737e-03	   1.0000000e+00	
   3.2894737e-03	   1.0000000e+00	
   6.5789474e-03	   1.0000000e+00	
   9.8684211e-03	   1.0000000e+00	
   1.6447368e-02	   1.0000000e+00	
   1.6447368e-02	   1.0000000e+00	
   1.6447368e-02	   1.0000000e+00	
   1.9736842e-02	   1.0000000e+00	
   1.9736842e-02	   1.0000000e+00	
   3.2894737e-02	   1.0000000e+00	
   3.6184211e-02	   1.0000000e+00	
   4.2763158e-02	   1.0000000e+00	
   4.9342105e-02	   1.0000000e+00	
   7.8947368e-02	   1.0000000e+00	
   1.1184211e-01	   1.0000000e+00	
   1.5460526e-01	   1.0000000e+00	
   2.0065789e-01	   1.0000000e+00	
   2.2697368e-01	   1.0000000e+00	
   2.6973684e-01	   9.8837209e-01	
   3.1250000e-01	   9.8837209e-01	
   3.7171053e-01	   9.7674419e-01	
   4.3421053e-01	   9.6511628e-01	
   4.9013158e-01	   9.6511628e-01	
   5.2960526e-01	   9.6511628e-01	
   5.7894737e-01	   9.6511628e-01	
   6.1842105e-01	   9.6511628e-01	
   6.4473684e-01	   9.4186047e-01	
   6.6776316e-01	   9.4186047e-01	
   6.7763158e-01	   9.4186047e-01	
   7.0394737e-01	   9.4186047e-01	
   7.1381579e-01	   9.4186047e-01	
   7.3026316e-01	   9.4186047e-01	
   7.5328947e-01	   9.4186047e-01	
   7.6315789e-01	   9.4186047e-01	
   7.7631579e-01	   9.3023256e-01	
   7.8947368e-01	   9.3023256e-01	
   8.0263158e-01	   9.0697674e-01	
   8.0921053e-01	   9.0697674e-01	
   8.1578947e-01	   8.9534884e-01	
   8.2565789e-01	   8.8372093e-01	
   8.2894737e-01	   8.8372093e-01	
   8.3223684e-01	   8.8372093e-01	
   8.3881579e-01	   8.7209302e-01	
   8.4539474e-01	   8.3720930e-01	
   8.5197368e-01	   8.3720930e-01	
   8.5526316e-01	   8.3720930e-01	
   8.6184211e-01	   8.3720930e-01	
   8.6513158e-01	   8.2558140e-01	
   8.6842105e-01	   8.2558140e-01	
   8.7171053e-01	   8.2558140e-01	
   8.7500000e-01	   8.1395349e-01	
   8.8486842e-01	   8.0232558e-01	
   8.8815789e-01	   8.0232558e-01	
   8.9473684e-01	   8.0232558e-01	
   9.0789474e-01	   7.9069767e-01	
   9.1447368e-01	   7.9069767e-01	
   9.2105263e-01	   7.9069767e-01	
   9.2105263e-01	   7.6744186e-01	
   9.3092105e-01	   7.5581395e-01	
   9.3750000e-01	   7.5581395e-01	
   9.3750000e-01	   7.4418605e-01	
   9.4078947e-01	   7.4418605e-01	
   9.4407895e-01	   7.4418605e-01	
   9.4407895e-01	   7.3255814e-01	
   9.4736842e-01	   7.3255814e-01	
   9.5394737e-01	   7.3255814e-01	
   9.5394737e-01	   7.3255814e-01	
   9.6052632e-01	   7.3255814e-01	
   9.6052632e-01	   7.3255814e-01	
   9.6052632e-01	   7.3255814e-01	
   9.6052632e-01	   6.9767442e-01	
   9.6381579e-01	   6.8604651e-01	
   9.6710526e-01	   6.7441860e-01	
   9.7039474e-01	   6.7441860e-01	
   9.7368421e-01	   6.7441860e-01	
   9.7697368e-01	   6.7441860e-01	
   9.7697368e-01	   6.3953488e-01	
   9.7697368e-01	   6.3953488e-01	
   9.8026316e-01	   6.2790698e-01	
   9.8026316e-01	   6.1627907e-01	
   9.8026316e-01	   6.0465116e-01	
   9.8026316e-01	   5.8139535e-01	
   9.8026316e-01	   5.8139535e-01	
   9.8355263e-01	   5.8139535e-01	
   9.9013158e-01	   5.5813953e-01	
   9.9013158e-01	   5.4651163e-01	
   9.9013158e-01	   5.4651163e-01	
   9.9013158e-01	   5.4651163e-01	
   9.9013158e-01	   5.4651163e-01	
   9.9013158e-01	   5.1162791e-01	
   9.9342105e-01	   5.0000000e-01	
   9.9342105e-01	   4.8837209e-01	
   9.9342105e-01	   4.8837209e-01	
   9.9342105e-01	   4.8837209e-01	
   9.9342105e-01	   4.8837209e-01	
   9.9342105e-01	   4.7674419e-01	
   9.9342105e-01	   4.5348837e-01	
   9.9342105e-01	   4.1860465e-01	
   9.9342105e-01	   4.1860465e-01	
   9.9342105e-01	   4.0697674e-01	
   9.9342105e-01	   3.7209302e-01	
   9.9342105e-01	   3.7209302e-01	
   9.9342105e-01	   3.6046512e-01	
   9.9671053e-01	   3.2558140e-01	
   9.9671053e-01	   2.9069767e-01	
   9.9671053e-01	   2.5581395e-01	
   9.9671053e-01	   2.2093023e-01	
   9.9671053e-01	   2.2093023e-01	
   9.9671053e-01	   2.0930233e-01	
   9.9671053e-01	   2.0930233e-01	
   9.9671053e-01	   1.8604651e-01	
   9.9671053e-01	   1.8604651e-01	
   9.9671053e-01	   1.8604651e-01	
   9.9671053e-01	   1.7441860e-01	
   9.9671053e-01	   1.5116279e-01	
   9.9671053e-01	   1.2790698e-01	
   9.9671053e-01	   8.1395349e-02	
   1.0000000e+00	   8.1395349e-02	
   1.0000000e+00	   6.9767442e-02	
   1.0000000e+00	   5.8139535e-02	
   1.0000000e+00	   5.8139535e-02	
   1.0000000e+00	   4.6511628e-02	
   1.0000000e+00	   4.6511628e-02	
   1.0000000e+00	   4.6511628e-02	
   1.0000000e+00	   2.3255814e-02	
   1.0000000e+00	   2.3255814e-02	
   1.0000000e+00	   2.3255814e-02	
   1.0000000e+00	   2.3255814e-02	
   1.0000000e+00	   1.1627907e-02	
   1.0000000e+00	   1.1627907e-02	
   1.0000000e+00	   1.1627907e-02	
   1.0000000e+00	   1.1627907e-02	
   1.0000000e+00	   0.0000000e+00	
   1.0000000e+00	   0.0000000e+00	
   1.0000000e+00	   0.0000000e+00	
   1.0000000e+00	   0.0000000e+00	
   1.0000000e+00	   0.0000000e+00	
   1.0000000e+00	   0.0000000e+00	
   1.0000000e+00	   0.0000000e+00	
   1.0000000e+00	   0.0000000e+00	
   1.0000000e+00	   0.0000000e+00	
   1.0000000e+00	   0.0000000e+00	
   1.0000000e+00	   0.0000000e+00	
   1.0000000e+00	   0.0000000e+00	
   1.0000000e+00	   0.0000000e+00	
   1.0000000e+00	   0.0000000e+00	
   1.0000000e+00	   0.0000000e+00	
   1.0000000e+00	   0.0000000e+00	
   1.0000000e+00	   0.0000000e+00	
   1.0000000e+00	   0.0000000e+00	
   1.0000000e+00	   0.0000000e+00	
   1.0000000e+00	   0.0000000e+00	
   1.0000000e+00	   0.0000000e+00	
   1.0000000e+00	   0.0000000e+00	
   1.0000000e+00	   0.0000000e+00	
   1.0000000e+00	   0.0000000e+00	
   1.0000000e+00	   0.0000000e+00	
   1.0000000e+00	   0.0000000e+00	
   1.0000000e+00	   0.0000000e+00	
   1.0000000e+00	   0.0000000e+00	
   1.0000000e+00	   0.0000000e+00	
   1.0000000e+00	   0.0000000e+00	
   1.0000000e+00	   0.0000000e+00	
   1.0000000e+00	   0.0000000e+00	
   1.0000000e+00	   0.0000000e+00	
   1.0000000e+00	   0.0000000e+00	
   1.0000000e+00	   0.0000000e+00	
   1.0000000e+00	   0.0000000e+00	
   1.0000000e+00	   0.0000000e+00	
   1.0000000e+00	   0.0000000e+00	
   1.0000000e+00	   0.0000000e+00	
   1.0000000e+00	   0.0000000e+00	
   1.0000000e+00	   0.0000000e+00	
   1.0000000e+00	   0.0000000e+00	
   1.0000000e+00	   0.0000000e+00	
   1.0000000e+00	   0.0000000e+00	
   1.0000000e+00	   0.0000000e+00	
   1.0000000e+00	   0.0000000e+00	
   1.0000000e+00	   0.0000000e+00	
   1.0000000e+00	   0.0000000e+00	
   1.0000000e+00	   0.0000000e+00	
   1.0000000e+00	   0.0000000e+00	
   1.0000000e+00	   0.0000000e+00	
   1.0000000e+00	   0.0000000e+00	
   1.0000000e+00	   0.0000000e+00	
   1.0000000e+00	   0.0000000e+00	
   1.0000000e+00	   0.0000000e+00	
   1.0000000e+00	   0.0000000e+00	
   1.0000000e+00	   0.0000000e+00	
   1.0000000e+00	   0.0000000e+00	
   1.0000000e+00	   0.0000000e+00	
   1.0000000e+00	   0.0000000e+00	
   1.0000000e+00	   0.0000000e+00	
   1.0000000e+00	   0.0000000e+00	
   1.0000000e+00	   0.0000000e+00	
   1.0000000e+00	   0.0000000e+00	
   1.0000000e+00	   0.0000000e+00	
   1.0000000e+00	   0.0000000e+00	
   1.0000000e+00	   0.0000000e+00	
   1.0000000e+00	   0.0000000e+00	
   1.0000000e+00	   0.0000000e+00	
   1.0000000e+00	   0.0000000e+00	
   1.0000000e+00	   0.0000000e+00	
   1.0000000e+00	   0.0000000e+00	
   1.0000000e+00	   0.0000000e+00	
   1.0000000e+00	   0.0000000e+00	
   1.0000000e+00	   0.0000000e+00	
   1.0000000e+00	   0.0000000e+00	
   1.0000000e+00	   0.0000000e+00	
   1.0000000e+00	   0.0000000e+00	
   1.0000000e+00	   0.0000000e+00	
   1.0000000e+00	   0.0000000e+00	
   1.0000000e+00	   0.0000000e+00	
   1.0000000e+00	   0.0000000e+00	
   1.0000000e+00	   0.0000000e+00	
   1.0000000e+00	   0.0000000e+00	
   1.0000000e+00	   0.0000000e+00	
   1.0000000e+00	   0.0000000e+00	
   1.0000000e+00	   0.0000000e+00	
   1.0000000e+00	   0.0000000e+00	
   1.0000000e+00	   0.0000000e+00	
   1.0000000e+00	   0.0000000e+00	
   1.0000000e+00	   0.0000000e+00	
   1.0000000e+00	   0.0000000e+00	
   1.0000000e+00	   0.0000000e+00	
   1.0000000e+00	   0.0000000e+00	
   1.0000000e+00	   0.0000000e+00	
   1.0000000e+00	   0.0000000e+00	
   1.0000000e+00	   0.0000000e+00	
   1.0000000e+00	   0.0000000e+00	
   1.0000000e+00	   0.0000000e+00	
   1.0000000e+00	   0.0000000e+00	
   1.0000000e+00	   0.0000000e+00	
   1.0000000e+00	   0.0000000e+00	
   1.0000000e+00	   0.0000000e+00	
   1.0000000e+00	   0.0000000e+00	
   1.0000000e+00	   0.0000000e+00	
   1.0000000e+00	   0.0000000e+00	
   1.0000000e+00	   0.0000000e+00	
   1.0000000e+00	   0.0000000e+00	
   1.0000000e+00	   0.0000000e+00	
   1.0000000e+00	   0.0000000e+00	
   1.0000000e+00	   0.0000000e+00	
   1.0000000e+00	   0.0000000e+00	
   1.0000000e+00	   0.0000000e+00	
   1.0000000e+00	   0.0000000e+00	
   1.0000000e+00	   0.0000000e+00	
   1.0000000e+00	   0.0000000e+00	
   1.0000000e+00	   0.0000000e+00	
   1.0000000e+00	   0.0000000e+00	
   1.0000000e+00	   0.0000000e+00	
   1.0000000e+00	   0.0000000e+00	
   1.0000000e+00	   0.0000000e+00	
   1.0000000e+00	   0.0000000e+00	
   1.0000000e+00	   0.0000000e+00	
   1.0000000e+00	   0.0000000e+00	
   1.0000000e+00	   0.0000000e+00	
   1.0000000e+00	   0.0000000e+00	
   1.0000000e+00	   0.0000000e+00	
   1.0000000e+00	   0.0000000e+00	
   1.0000000e+00	   0.0000000e+00	
   1.0000000e+00	   0.0000000e+00	
   1.0000000e+00	   0.0000000e+00	
   1.0000000e+00	   0.0000000e+00	
   1.0000000e+00	   0.0000000e+00	
   1.0000000e+00	   0.0000000e+00	
   1.0000000e+00	   0.0000000e+00	
   1.0000000e+00	   0.0000000e+00	
   1.0000000e+00	   0.0000000e+00	
   1.0000000e+00	   0.0000000e+00	
   1.0000000e+00	   0.0000000e+00	
   1.0000000e+00	   0.0000000e+00	
   1.0000000e+00	   0.0000000e+00	
   1.0000000e+00	   0.0000000e+00	
   1.0000000e+00	   0.0000000e+00	
   1.0000000e+00	   0.0000000e+00	
   1.0000000e+00	   0.0000000e+00	
   1.0000000e+00	   0.0000000e+00	
   1.0000000e+00	   0.0000000e+00	
   1.0000000e+00	   0.0000000e+00	
   1.0000000e+00	   0.0000000e+00	
   1.0000000e+00	   0.0000000e+00	
   1.0000000e+00	   0.0000000e+00	
   1.0000000e+00	   0.0000000e+00	
   1.0000000e+00	   0.0000000e+00	
   1.0000000e+00	   0.0000000e+00	
   1.0000000e+00	   0.0000000e+00	
   1.0000000e+00	   0.0000000e+00	
   1.0000000e+00	   0.0000000e+00	
   1.0000000e+00	   0.0000000e+00	
   1.0000000e+00	   0.0000000e+00	
   1.0000000e+00	   0.0000000e+00	
   1.0000000e+00	   0.0000000e+00	
   1.0000000e+00	   0.0000000e+00	
   1.0000000e+00	   0.0000000e+00	
   1.0000000e+00	   0.0000000e+00	
   1.0000000e+00	   0.0000000e+00	
   1.0000000e+00	   0.0000000e+00	
   1.0000000e+00	   0.0000000e+00	
   1.0000000e+00	   0.0000000e+00	
   1.0000000e+00	   0.0000000e+00	
   1.0000000e+00	   0.0000000e+00	
   1.0000000e+00	   0.0000000e+00	
   1.0000000e+00	   0.0000000e+00	
   1.0000000e+00	   0.0000000e+00	
   1.0000000e+00	   0.0000000e+00	
   1.0000000e+00	   0.0000000e+00	
   1.0000000e+00	   0.0000000e+00	
   1.0000000e+00	   0.0000000e+00	
   1.0000000e+00	   0.0000000e+00	
   1.0000000e+00	   0.0000000e+00	
   1.0000000e+00	   0.0000000e+00	
   1.0000000e+00	   0.0000000e+00	
   1.0000000e+00	   0.0000000e+00	
   1.0000000e+00	   0.0000000e+00	
   1.0000000e+00	   0.0000000e+00	
   1.0000000e+00	   0.0000000e+00	
   1.0000000e+00	   0.0000000e+00	
   1.0000000e+00	   0.0000000e+00	
   1.0000000e+00	   0.0000000e+00	
   1.0000000e+00	   0.0000000e+00	
   1.0000000e+00	   0.0000000e+00	
   1.0000000e+00	   0.0000000e+00	
   1.0000000e+00	   0.0000000e+00	
   1.0000000e+00	   0.0000000e+00	
   1.0000000e+00	   0.0000000e+00	
   1.0000000e+00	   0.0000000e+00	
   1.0000000e+00	   0.0000000e+00	
   1.0000000e+00	   0.0000000e+00	
   1.0000000e+00	   0.0000000e+00	
   1.0000000e+00	   0.0000000e+00	
   1.0000000e+00	   0.0000000e+00	
   1.0000000e+00	   0.0000000e+00	
   1.0000000e+00	   0.0000000e+00	
   1.0000000e+00	   0.0000000e+00	
   1.0000000e+00	   0.0000000e+00	
   1.0000000e+00	   0.0000000e+00	
   1.0000000e+00	   0.0000000e+00	
   1.0000000e+00	   0.0000000e+00	
   1.0000000e+00	   0.0000000e+00	
   1.0000000e+00	   0.0000000e+00	
   1.0000000e+00	   0.0000000e+00	
   1.0000000e+00	   0.0000000e+00	
   1.0000000e+00	   0.0000000e+00	
   1.0000000e+00	   0.0000000e+00	
   1.0000000e+00	   0.0000000e+00	
   1.0000000e+00	   0.0000000e+00	
   1.0000000e+00	   0.0000000e+00	
   1.0000000e+00	   0.0000000e+00	
   1.0000000e+00	   0.0000000e+00	
   1.0000000e+00	   0.0000000e+00	
   1.0000000e+00	   0.0000000e+00	
   1.0000000e+00	   0.0000000e+00	
   1.0000000e+00	   0.0000000e+00	
   1.0000000e+00	   0.0000000e+00	
   1.0000000e+00	   0.0000000e+00	
   1.0000000e+00	   0.0000000e+00	
   1.0000000e+00	   0.0000000e+00	
   1.0000000e+00	   0.0000000e+00	
   1.0000000e+00	   0.0000000e+00	
   1.0000000e+00	   0.0000000e+00	
   1.0000000e+00	   0.0000000e+00	
   1.0000000e+00	   0.0000000e+00	
   1.0000000e+00	   0.0000000e+00	
   1.0000000e+00	   0.0000000e+00	
   1.0000000e+00	   0.0000000e+00	
   1.0000000e+00	   0.0000000e+00	
   1.0000000e+00	   0.0000000e+00	
   1.0000000e+00	   0.0000000e+00	
   1.0000000e+00	   0.0000000e+00	
   1.0000000e+00	   0.0000000e+00	
   1.0000000e+00	   0.0000000e+00	
   1.0000000e+00	   0.0000000e+00	
   1.0000000e+00	   0.0000000e+00	
   1.0000000e+00	   0.0000000e+00	
   1.0000000e+00	   0.0000000e+00	
   1.0000000e+00	   0.0000000e+00	
   1.0000000e+00	   0.0000000e+00	
   1.0000000e+00	   0.0000000e+00	
   1.0000000e+00	   0.0000000e+00	
   1.0000000e+00	   0.0000000e+00	
   1.0000000e+00	   0.0000000e+00	
   1.0000000e+00	   0.0000000e+00	
   1.0000000e+00	   0.0000000e+00	
   1.0000000e+00	   0.0000000e+00	
   1.0000000e+00	   0.0000000e+00	
   1.0000000e+00	   0.0000000e+00	
   1.0000000e+00	   0.0000000e+00	
   1.0000000e+00	   0.0000000e+00	
   1.0000000e+00	   0.0000000e+00	
   1.0000000e+00	   0.0000000e+00	
   1.0000000e+00	   0.0000000e+00	
   1.0000000e+00	   0.0000000e+00	
   1.0000000e+00	   0.0000000e+00	
   1.0000000e+00	   0.0000000e+00	
   1.0000000e+00	   0.0000000e+00	
   1.0000000e+00	   0.0000000e+00	
   1.0000000e+00	   0.0000000e+00	
   1.0000000e+00	   0.0000000e+00	
   1.0000000e+00	   0.0000000e+00	
   1.0000000e+00	   0.0000000e+00	
   1.0000000e+00	   0.0000000e+00	
   1.0000000e+00	   0.0000000e+00	
   1.0000000e+00	   0.0000000e+00	
   1.0000000e+00	   0.0000000e+00	
   1.0000000e+00	   0.0000000e+00	
   1.0000000e+00	   0.0000000e+00	
   1.0000000e+00	   0.0000000e+00	
   1.0000000e+00	   0.0000000e+00	
   1.0000000e+00	   0.0000000e+00	
   1.0000000e+00	   0.0000000e+00	
   1.0000000e+00	   0.0000000e+00	
   1.0000000e+00	   0.0000000e+00	
   1.0000000e+00	   0.0000000e+00	
   1.0000000e+00	   0.0000000e+00	
   1.0000000e+00	   0.0000000e+00	
   1.0000000e+00	   0.0000000e+00	
   1.0000000e+00	   0.0000000e+00	
   1.0000000e+00	   0.0000000e+00	
   1.0000000e+00	   0.0000000e+00	
   1.0000000e+00	   0.0000000e+00	
   1.0000000e+00	   0.0000000e+00	
   1.0000000e+00	   0.0000000e+00	
   1.0000000e+00	   0.0000000e+00	
   1.0000000e+00	   0.0000000e+00	
   1.0000000e+00	   0.0000000e+00	
   1.0000000e+00	   0.0000000e+00	
   1.0000000e+00	   0.0000000e+00	
   1.0000000e+00	   0.0000000e+00	
   1.0000000e+00	   0.0000000e+00	
   1.0000000e+00	   0.0000000e+00	
   1.0000000e+00	   0.0000000e+00	
   1.0000000e+00	   0.0000000e+00	
   1.0000000e+00	   0.0000000e+00	
   1.0000000e+00	   0.0000000e+00	
   1.0000000e+00	   0.0000000e+00	
   1.0000000e+00	   0.0000000e+00	
   1.0000000e+00	   0.0000000e+00	
   1.0000000e+00	   0.0000000e+00	
   1.0000000e+00	   0.0000000e+00	
   1.0000000e+00	   0.0000000e+00	
   1.0000000e+00	   0.0000000e+00	
   1.0000000e+00	   0.0000000e+00	
   1.0000000e+00	   0.0000000e+00	
   1.0000000e+00	   0.0000000e+00	
   1.0000000e+00	   0.0000000e+00	
   1.0000000e+00	   0.0000000e+00	
   1.0000000e+00	   0.0000000e+00	
   1.0000000e+00	   0.0000000e+00	
   1.0000000e+00	   0.0000000e+00	
   1.0000000e+00	   0.0000000e+00	
   1.0000000e+00	   0.0000000e+00	
   1.0000000e+00	   0.0000000e+00	
   1.0000000e+00	   0.0000000e+00	
   1.0000000e+00	   0.0000000e+00	
   1.0000000e+00	   0.0000000e+00	
   1.0000000e+00	   0.0000000e+00	
   1.0000000e+00	   0.0000000e+00	
   1.0000000e+00	   0.0000000e+00	
   1.0000000e+00	   0.0000000e+00	
   1.0000000e+00	   0.0000000e+00	
   1.0000000e+00	   0.0000000e+00	
   1.0000000e+00	   0.0000000e+00	
   1.0000000e+00	   0.0000000e+00	
   1.0000000e+00	   0.0000000e+00	
   1.0000000e+00	   0.0000000e+00	
   1.0000000e+00	   0.0000000e+00	
   1.0000000e+00	   0.0000000e+00	
   1.0000000e+00	   0.0000000e+00	
   1.0000000e+00	   0.0000000e+00	
   1.0000000e+00	   0.0000000e+00	
   1.0000000e+00	   0.0000000e+00	
   1.0000000e+00	   0.0000000e+00	
   1.0000000e+00	   0.0000000e+00	
   1.0000000e+00	   0.0000000e+00	
   1.0000000e+00	   0.0000000e+00	
   1.0000000e+00	   0.0000000e+00	
   1.0000000e+00	   0.0000000e+00	
   1.0000000e+00	   0.0000000e+00	
   1.0000000e+00	   0.0000000e+00	
   1.0000000e+00	   0.0000000e+00	
   1.0000000e+00	   0.0000000e+00	
   1.0000000e+00	   0.0000000e+00	
   1.0000000e+00	   0.0000000e+00	
   1.0000000e+00	   0.0000000e+00	
   1.0000000e+00	   0.0000000e+00	
   1.0000000e+00	   0.0000000e+00	
   1.0000000e+00	   0.0000000e+00	
   1.0000000e+00	   0.0000000e+00	
   1.0000000e+00	   0.0000000e+00	
   1.0000000e+00	   0.0000000e+00	
   1.0000000e+00	   0.0000000e+00	
   1.0000000e+00	   0.0000000e+00	
   1.0000000e+00	   0.0000000e+00	
   1.0000000e+00	   0.0000000e+00	
   1.0000000e+00	   0.0000000e+00	
   1.0000000e+00	   0.0000000e+00	
   1.0000000e+00	   0.0000000e+00	
   1.0000000e+00	   0.0000000e+00	
   1.0000000e+00	   0.0000000e+00	
   1.0000000e+00	   0.0000000e+00	
   1.0000000e+00	   0.0000000e+00	
   1.0000000e+00	   0.0000000e+00	
   1.0000000e+00	   0.0000000e+00	
   1.0000000e+00	   0.0000000e+00	
   1.0000000e+00	   0.0000000e+00	
   1.0000000e+00	   0.0000000e+00	
   1.0000000e+00	   0.0000000e+00	
   1.0000000e+00	   0.0000000e+00	
   1.0000000e+00	   0.0000000e+00	
   1.0000000e+00	   0.0000000e+00	
   1.0000000e+00	   0.0000000e+00	
   1.0000000e+00	   0.0000000e+00	
   1.0000000e+00	   0.0000000e+00	
   1.0000000e+00	   0.0000000e+00	
   1.0000000e+00	   0.0000000e+00	
   1.0000000e+00	   0.0000000e+00	
   1.0000000e+00	   0.0000000e+00	
   1.0000000e+00	   0.0000000e+00	
   1.0000000e+00	   0.0000000e+00	
   1.0000000e+00	   0.0000000e+00	
   1.0000000e+00	   0.0000000e+00	
   1.0000000e+00	   0.0000000e+00	
   1.0000000e+00	   0.0000000e+00	
   1.0000000e+00	   0.0000000e+00	
   1.0000000e+00	   0.0000000e+00	
   1.0000000e+00	   0.0000000e+00	
   1.0000000e+00	   0.0000000e+00	
   1.0000000e+00	   0.0000000e+00	
   1.0000000e+00	   0.0000000e+00	
   1.0000000e+00	   0.0000000e+00	
   1.0000000e+00	   0.0000000e+00	
   1.0000000e+00	   0.0000000e+00	
   1.0000000e+00	   0.0000000e+00	
   1.0000000e+00	   0.0000000e+00	
   1.0000000e+00	   0.0000000e+00	
   1.0000000e+00	   0.0000000e+00	
   1.0000000e+00	   0.0000000e+00	
   1.0000000e+00	   0.0000000e+00	
   1.0000000e+00	   0.0000000e+00	
   1.0000000e+00	   0.0000000e+00	
   1.0000000e+00	   0.0000000e+00	
   1.0000000e+00	   0.0000000e+00	
   1.0000000e+00	   0.0000000e+00	
   1.0000000e+00	   0.0000000e+00	
   1.0000000e+00	   0.0000000e+00	
   1.0000000e+00	   0.0000000e+00	
   1.0000000e+00	   0.0000000e+00	
   1.0000000e+00	   0.0000000e+00	
   1.0000000e+00	   0.0000000e+00	
   1.0000000e+00	   0.0000000e+00	
   1.0000000e+00	   0.0000000e+00	
   1.0000000e+00	   0.0000000e+00	
   1.0000000e+00	   0.0000000e+00	
   1.0000000e+00	   0.0000000e+00	
   1.0000000e+00	   0.0000000e+00	
   1.0000000e+00	   0.0000000e+00	
   1.0000000e+00	   0.0000000e+00	
   1.0000000e+00	   0.0000000e+00	
   1.0000000e+00	   0.0000000e+00	
   1.0000000e+00	   0.0000000e+00	
   1.0000000e+00	   0.0000000e+00	
   1.0000000e+00	   0.0000000e+00	
   1.0000000e+00	   0.0000000e+00	
   1.0000000e+00	   0.0000000e+00	
   1.0000000e+00	   0.0000000e+00	
   1.0000000e+00	   0.0000000e+00	
   1.0000000e+00	   0.0000000e+00	
   1.0000000e+00	   0.0000000e+00	
   1.0000000e+00	   0.0000000e+00	
   1.0000000e+00	   0.0000000e+00	
   1.0000000e+00	   0.0000000e+00	
   1.0000000e+00	   0.0000000e+00	
   1.0000000e+00	   0.0000000e+00	
   1.0000000e+00	   0.0000000e+00	
   1.0000000e+00	   0.0000000e+00	
   1.0000000e+00	   0.0000000e+00	
   1.0000000e+00	   0.0000000e+00	
   1.0000000e+00	   0.0000000e+00	
   1.0000000e+00	   0.0000000e+00	
   1.0000000e+00	   0.0000000e+00	
   1.0000000e+00	   0.0000000e+00	
   1.0000000e+00	   0.0000000e+00	
   1.0000000e+00	   0.0000000e+00	
   1.0000000e+00	   0.0000000e+00	
   1.0000000e+00	   0.0000000e+00	
   1.0000000e+00	   0.0000000e+00	
   1.0000000e+00	   0.0000000e+00	
   1.0000000e+00	   0.0000000e+00	
   1.0000000e+00	   0.0000000e+00	
   1.0000000e+00	   0.0000000e+00	
   1.0000000e+00	   0.0000000e+00	
   1.0000000e+00	   0.0000000e+00	
   1.0000000e+00	   0.0000000e+00	
   1.0000000e+00	   0.0000000e+00	
   1.0000000e+00	   0.0000000e+00	
   1.0000000e+00	   0.0000000e+00	
   1.0000000e+00	   0.0000000e+00	
   1.0000000e+00	   0.0000000e+00	
   1.0000000e+00	   0.0000000e+00	
   1.0000000e+00	   0.0000000e+00	
   1.0000000e+00	   0.0000000e+00	
   1.0000000e+00	   0.0000000e+00	
   1.0000000e+00	   0.0000000e+00	
   1.0000000e+00	   0.0000000e+00	
   1.0000000e+00	   0.0000000e+00	
   1.0000000e+00	   0.0000000e+00	
   1.0000000e+00	   0.0000000e+00	
   1.0000000e+00	   0.0000000e+00	
   1.0000000e+00	   0.0000000e+00	
   1.0000000e+00	   0.0000000e+00	
   1.0000000e+00	   0.0000000e+00	
   1.0000000e+00	   0.0000000e+00	
   1.0000000e+00	   0.0000000e+00	
   1.0000000e+00	   0.0000000e+00	
   1.0000000e+00	   0.0000000e+00	
   1.0000000e+00	   0.0000000e+00	
   1.0000000e+00	   0.0000000e+00	
   1.0000000e+00	   0.0000000e+00	
   1.0000000e+00	   0.0000000e+00	
   1.0000000e+00	   0.0000000e+00	
   1.0000000e+00	   0.0000000e+00	
   1.0000000e+00	   0.0000000e+00	
   1.0000000e+00	   0.0000000e+00	
   1.0000000e+00	   0.0000000e+00	
   1.0000000e+00	   0.0000000e+00	
   1.0000000e+00	   0.0000000e+00	
   1.0000000e+00	   0.0000000e+00	
   1.0000000e+00	   0.0000000e+00	
   1.0000000e+00	   0.0000000e+00	
   1.0000000e+00	   0.0000000e+00	
   1.0000000e+00	   0.0000000e+00	
   1.0000000e+00	   0.0000000e+00	
   1.0000000e+00	   0.0000000e+00	
   1.0000000e+00	   0.0000000e+00	
   1.0000000e+00	   0.0000000e+00	
   1.0000000e+00	   0.0000000e+00	
   1.0000000e+00	   0.0000000e+00	
   1.0000000e+00	   0.0000000e+00	
   1.0000000e+00	   0.0000000e+00	
   1.0000000e+00	   0.0000000e+00	
   1.0000000e+00	   0.0000000e+00	
   1.0000000e+00	   0.0000000e+00	
   1.0000000e+00	   0.0000000e+00	
   1.0000000e+00	   0.0000000e+00	
   1.0000000e+00	   0.0000000e+00	
   1.0000000e+00	   0.0000000e+00	
   1.0000000e+00	   0.0000000e+00	
   1.0000000e+00	   0.0000000e+00	
   1.0000000e+00	   0.0000000e+00	
   1.0000000e+00	   0.0000000e+00	
   1.0000000e+00	   0.0000000e+00	
   1.0000000e+00	   0.0000000e+00	
   1.0000000e+00	   0.0000000e+00	
   1.0000000e+00	   0.0000000e+00	
   1.0000000e+00	   0.0000000e+00	
   1.0000000e+00	   0.0000000e+00	
   1.0000000e+00	   0.0000000e+00	
   1.0000000e+00	   0.0000000e+00	
   1.0000000e+00	   0.0000000e+00	
   1.0000000e+00	   0.0000000e+00	
   1.0000000e+00	   0.0000000e+00	
   1.0000000e+00	   0.0000000e+00	
   1.0000000e+00	   0.0000000e+00	
   1.0000000e+00	   0.0000000e+00	
   1.0000000e+00	   0.0000000e+00	
   1.0000000e+00	   0.0000000e+00	
   1.0000000e+00	   0.0000000e+00	
   1.0000000e+00	   0.0000000e+00	
   1.0000000e+00	   0.0000000e+00	
   1.0000000e+00	   0.0000000e+00	
   1.0000000e+00	   0.0000000e+00	
   1.0000000e+00	   0.0000000e+00	
   1.0000000e+00	   0.0000000e+00	
   1.0000000e+00	   0.0000000e+00	
   1.0000000e+00	   0.0000000e+00	
   1.0000000e+00	   0.0000000e+00	
   1.0000000e+00	   0.0000000e+00	
   1.0000000e+00	   0.0000000e+00	
   1.0000000e+00	   0.0000000e+00	
   1.0000000e+00	   0.0000000e+00	
   1.0000000e+00	   0.0000000e+00	
   1.0000000e+00	   0.0000000e+00	
   1.0000000e+00	   0.0000000e+00	
   1.0000000e+00	   0.0000000e+00	
   1.0000000e+00	   0.0000000e+00	
   1.0000000e+00	   0.0000000e+00	
   1.0000000e+00	   0.0000000e+00	
   1.0000000e+00	   0.0000000e+00	
   1.0000000e+00	   0.0000000e+00	
   1.0000000e+00	   0.0000000e+00	
   1.0000000e+00	   0.0000000e+00	
   1.0000000e+00	   0.0000000e+00	
   1.0000000e+00	   0.0000000e+00	
   1.0000000e+00	   0.0000000e+00	
   1.0000000e+00	   0.0000000e+00	
   1.0000000e+00	   0.0000000e+00	
   1.0000000e+00	   0.0000000e+00	
   1.0000000e+00	   0.0000000e+00	
   1.0000000e+00	   0.0000000e+00	
   1.0000000e+00	   0.0000000e+00	
   1.0000000e+00	   0.0000000e+00	
   1.0000000e+00	   0.0000000e+00	
   1.0000000e+00	   0.0000000e+00	
   1.0000000e+00	   0.0000000e+00	
   1.0000000e+00	   0.0000000e+00	
   1.0000000e+00	   0.0000000e+00	
   1.0000000e+00	   0.0000000e+00	
   1.0000000e+00	   0.0000000e+00	
   1.0000000e+00	   0.0000000e+00	
   1.0000000e+00	   0.0000000e+00	
   1.0000000e+00	   0.0000000e+00	
   1.0000000e+00	   0.0000000e+00	
   1.0000000e+00	   0.0000000e+00	
   1.0000000e+00	   0.0000000e+00	
   1.0000000e+00	   0.0000000e+00	
   1.0000000e+00	   0.0000000e+00	
   1.0000000e+00	   0.0000000e+00	
   1.0000000e+00	   0.0000000e+00	
   1.0000000e+00	   0.0000000e+00	
   1.0000000e+00	   0.0000000e+00	
   1.0000000e+00	   0.0000000e+00	
   1.0000000e+00	   0.0000000e+00	
   1.0000000e+00	   0.0000000e+00	
   1.0000000e+00	   0.0000000e+00	
   1.0000000e+00	   0.0000000e+00	
   1.0000000e+00	   0.0000000e+00	
   1.0000000e+00	   0.0000000e+00	
   1.0000000e+00	   0.0000000e+00	
   1.0000000e+00	   0.0000000e+00	
   1.0000000e+00	   0.0000000e+00	
   1.0000000e+00	   0.0000000e+00	
   1.0000000e+00	   0.0000000e+00	
   1.0000000e+00	   0.0000000e+00	
   1.0000000e+00	   0.0000000e+00	
   1.0000000e+00	   0.0000000e+00	
   1.0000000e+00	   0.0000000e+00	
   1.0000000e+00	   0.0000000e+00	
   1.0000000e+00	   0.0000000e+00	
   1.0000000e+00	   0.0000000e+00	
   1.0000000e+00	   0.0000000e+00	
   1.0000000e+00	   0.0000000e+00	
   1.0000000e+00	   0.0000000e+00	
   1.0000000e+00	   0.0000000e+00	
   1.0000000e+00	   0.0000000e+00	
   1.0000000e+00	   0.0000000e+00	
   1.0000000e+00	   0.0000000e+00	
   1.0000000e+00	   0.0000000e+00	
   1.0000000e+00	   0.0000000e+00	
   1.0000000e+00	   0.0000000e+00	
   1.0000000e+00	   0.0000000e+00	
   1.0000000e+00	   0.0000000e+00	
   1.0000000e+00	   0.0000000e+00	
   1.0000000e+00	   0.0000000e+00	
   1.0000000e+00	   0.0000000e+00	
   1.0000000e+00	   0.0000000e+00	
   1.0000000e+00	   0.0000000e+00	
   1.0000000e+00	   0.0000000e+00	
   1.0000000e+00	   0.0000000e+00	
   1.0000000e+00	   0.0000000e+00	
   1.0000000e+00	   0.0000000e+00	
   1.0000000e+00	   0.0000000e+00	
   1.0000000e+00	   0.0000000e+00	
   1.0000000e+00	   0.0000000e+00	
   1.0000000e+00	   0.0000000e+00	
   1.0000000e+00	   0.0000000e+00	
   1.0000000e+00	   0.0000000e+00	
   1.0000000e+00	   0.0000000e+00	
   1.0000000e+00	   0.0000000e+00	
   1.0000000e+00	   0.0000000e+00	
   1.0000000e+00	   0.0000000e+00	
   1.0000000e+00	   0.0000000e+00	
   1.0000000e+00	   0.0000000e+00	
   1.0000000e+00	   0.0000000e+00	
   1.0000000e+00	   0.0000000e+00	
   1.0000000e+00	   0.0000000e+00	
   1.0000000e+00	   0.0000000e+00	
   1.0000000e+00	   0.0000000e+00	
   1.0000000e+00	   0.0000000e+00	
   1.0000000e+00	   0.0000000e+00	
   1.0000000e+00	   0.0000000e+00	
   1.0000000e+00	   0.0000000e+00	
   1.0000000e+00	   0.0000000e+00	
   1.0000000e+00	   0.0000000e+00	
   1.0000000e+00	   0.0000000e+00	
   1.0000000e+00	   0.0000000e+00	
   1.0000000e+00	   0.0000000e+00	
   1.0000000e+00	   0.0000000e+00	
   1.0000000e+00	   0.0000000e+00	
   1.0000000e+00	   0.0000000e+00	
   1.0000000e+00	   0.0000000e+00	
   1.0000000e+00	   0.0000000e+00	
   1.0000000e+00	   0.0000000e+00	
   1.0000000e+00	   0.0000000e+00	
   1.0000000e+00	   0.0000000e+00	
   1.0000000e+00	   0.0000000e+00	
   1.0000000e+00	   0.0000000e+00	
   1.0000000e+00	   0.0000000e+00	
   1.0000000e+00	   0.0000000e+00	
   1.0000000e+00	   0.0000000e+00	
   1.0000000e+00	   0.0000000e+00	
   1.0000000e+00	   0.0000000e+00	
   1.0000000e+00	   0.0000000e+00	
   1.0000000e+00	   0.0000000e+00	
   1.0000000e+00	   0.0000000e+00	
   1.0000000e+00	   0.0000000e+00	
   1.0000000e+00	   0.0000000e+00	
   1.0000000e+00	   0.0000000e+00	
   1.0000000e+00	   0.0000000e+00	
   1.0000000e+00	   0.0000000e+00	
   1.0000000e+00	   0.0000000e+00	
   1.0000000e+00	   0.0000000e+00	
   1.0000000e+00	   0.0000000e+00	
   1.0000000e+00	   0.0000000e+00	
   1.0000000e+00	   0.0000000e+00	
   1.0000000e+00	   0.0000000e+00	
   1.0000000e+00	   0.0000000e+00	
   1.0000000e+00	   0.0000000e+00	
   1.0000000e+00	   0.0000000e+00	
   1.0000000e+00	   0.0000000e+00	
   1.0000000e+00	   0.0000000e+00	
   1.0000000e+00	   0.0000000e+00	
   1.0000000e+00	   0.0000000e+00	
   1.0000000e+00	   0.0000000e+00	
   1.0000000e+00	   0.0000000e+00	
   1.0000000e+00	   0.0000000e+00	
   1.0000000e+00	   0.0000000e+00	
   1.0000000e+00	   0.0000000e+00	
   1.0000000e+00	   0.0000000e+00	
   1.0000000e+00	   0.0000000e+00	
   1.0000000e+00	   0.0000000e+00	
   1.0000000e+00	   0.0000000e+00	
   1.0000000e+00	   0.0000000e+00	
   1.0000000e+00	   0.0000000e+00	
   1.0000000e+00	   0.0000000e+00	
   1.0000000e+00	   0.0000000e+00	
   1.0000000e+00	   0.0000000e+00	
   1.0000000e+00	   0.0000000e+00	
   1.0000000e+00	   0.0000000e+00	
   1.0000000e+00	   0.0000000e+00	
   1.0000000e+00	   0.0000000e+00	
   1.0000000e+00	   0.0000000e+00	
   1.0000000e+00	   0.0000000e+00	
   1.0000000e+00	   0.0000000e+00	
   1.0000000e+00	   0.0000000e+00	
   1.0000000e+00	   0.0000000e+00	
   1.0000000e+00	   0.0000000e+00	
   1.0000000e+00	   0.0000000e+00	
   1.0000000e+00	   0.0000000e+00	
   1.0000000e+00	   0.0000000e+00	
   1.0000000e+00	   0.0000000e+00	
   1.0000000e+00	   0.0000000e+00	
   1.0000000e+00	   0.0000000e+00	
   1.0000000e+00	   0.0000000e+00	
   1.0000000e+00	   0.0000000e+00	
   1.0000000e+00	   0.0000000e+00	
   1.0000000e+00	   0.0000000e+00	
   1.0000000e+00	   0.0000000e+00	
   1.0000000e+00	   0.0000000e+00	
   1.0000000e+00	   0.0000000e+00	
   1.0000000e+00	   0.0000000e+00	
   1.0000000e+00	   0.0000000e+00	
   1.0000000e+00	   0.0000000e+00	
   1.0000000e+00	   0.0000000e+00	
   1.0000000e+00	   0.0000000e+00	
   1.0000000e+00	   0.0000000e+00	
   1.0000000e+00	   0.0000000e+00	
   1.0000000e+00	   0.0000000e+00	
   1.0000000e+00	   0.0000000e+00	
   1.0000000e+00	   0.0000000e+00	
   1.0000000e+00	   0.0000000e+00	
   1.0000000e+00	   0.0000000e+00	
   1.0000000e+00	   0.0000000e+00	
   1.0000000e+00	   0.0000000e+00	
   1.0000000e+00	   0.0000000e+00	
   1.0000000e+00	   0.0000000e+00	
   1.0000000e+00	   0.0000000e+00	
   1.0000000e+00	   0.0000000e+00	
   1.0000000e+00	   0.0000000e+00	
   1.0000000e+00	   0.0000000e+00	
   1.0000000e+00	   0.0000000e+00	
   1.0000000e+00	   0.0000000e+00	
   1.0000000e+00	   0.0000000e+00	
   1.0000000e+00	   0.0000000e+00	
   1.0000000e+00	   0.0000000e+00	
   1.0000000e+00	   0.0000000e+00	
   1.0000000e+00	   0.0000000e+00	
   1.0000000e+00	   0.0000000e+00	
   1.0000000e+00	   0.0000000e+00	
   1.0000000e+00	   0.0000000e+00	
   1.0000000e+00	   0.0000000e+00	
   1.0000000e+00	   0.0000000e+00	
   1.0000000e+00	   0.0000000e+00	
   1.0000000e+00	   0.0000000e+00	
   1.0000000e+00	   0.0000000e+00	
   1.0000000e+00	   0.0000000e+00	
   1.0000000e+00	   0.0000000e+00	
   1.0000000e+00	   0.0000000e+00	
   1.0000000e+00	   0.0000000e+00	
   1.0000000e+00	   0.0000000e+00	
   1.0000000e+00	   0.0000000e+00	
   1.0000000e+00	   0.0000000e+00	
   1.0000000e+00	   0.0000000e+00	
   1.0000000e+00	   0.0000000e+00	
   1.0000000e+00	   0.0000000e+00	
   1.0000000e+00	   0.0000000e+00	
   1.0000000e+00	   0.0000000e+00	
   1.0000000e+00	   0.0000000e+00	
   1.0000000e+00	   0.0000000e+00	
   1.0000000e+00	   0.0000000e+00	
   1.0000000e+00	   0.0000000e+00	
   1.0000000e+00	   0.0000000e+00	
   1.0000000e+00	   0.0000000e+00	
   1.0000000e+00	   0.0000000e+00	
   1.0000000e+00	   0.0000000e+00	
   1.0000000e+00	   0.0000000e+00	
   1.0000000e+00	   0.0000000e+00	
   1.0000000e+00	   0.0000000e+00	
   1.0000000e+00	   0.0000000e+00	
