   1.0026013e+00	   1.0000000e+00	   1.0000000e+00	
   2.0031581e+00	   2.0000000e+00	   2.0000000e+00	
   1.2806284e+00	   1.0000000e+00	   2.0000000e+00	
   9.9997723e-01	   1.0000000e+00	   1.0000000e+00	
   1.8809985e+00	   2.0000000e+00	   2.0000000e+00	
   1.1000302e+00	   1.0000000e+00	   1.0000000e+00	
   1.5698805e+00	   2.0000000e+00	   2.0000000e+00	
   1.0214153e+00	   1.0000000e+00	   1.0000000e+00	
   1.0025353e+00	   1.0000000e+00	   1.0000000e+00	
   9.8197946e-01	   1.0000000e+00	   1.0000000e+00	
   1.6101730e+00	   2.0000000e+00	   2.0000000e+00	
   1.9784387e+00	   2.0000000e+00	   2.0000000e+00	
   1.1048512e+00	   1.0000000e+00	   1.0000000e+00	
   1.0790000e+00	   1.0000000e+00	   1.0000000e+00	
   1.1282707e+00	   1.0000000e+00	   1.0000000e+00	
   9.6209937e-01	   1.0000000e+00	   1.0000000e+00	
   2.0124479e+00	   2.0000000e+00	   2.0000000e+00	
   9.9702540e-01	   1.0000000e+00	   1.0000000e+00	
   1.9417175e+00	   2.0000000e+00	   2.0000000e+00	
   2.0240108e+00	   2.0000000e+00	   2.0000000e+00	
   1.2933664e+00	   1.0000000e+00	   1.0000000e+00	
   9.5402864e-01	   1.0000000e+00	   1.0000000e+00	
   1.0873397e+00	   1.0000000e+00	   1.0000000e+00	
   1.6815530e+00	   2.0000000e+00	   2.0000000e+00	
   1.9001770e+00	   2.0000000e+00	   2.0000000e+00	
   1.2022348e+00	   1.0000000e+00	   1.0000000e+00	
   9.2356312e-01	   1.0000000e+00	   1.0000000e+00	
   1.9533423e+00	   2.0000000e+00	   2.0000000e+00	
   2.1062985e+00	   2.0000000e+00	   2.0000000e+00	
   1.0121809e+00	   1.0000000e+00	   1.0000000e+00	
   1.9143261e+00	   2.0000000e+00	   2.0000000e+00	
   1.2264515e+00	   1.0000000e+00	   1.0000000e+00	
   2.0318789e+00	   2.0000000e+00	   2.0000000e+00	
   1.0110690e+00	   1.0000000e+00	   1.0000000e+00	
   9.9371681e-01	   1.0000000e+00	   1.0000000e+00	
   2.0085105e+00	   2.0000000e+00	   2.0000000e+00	
   1.1119976e+00	   1.0000000e+00	   1.0000000e+00	
   1.1887975e+00	   1.0000000e+00	   2.0000000e+00	
   1.2337229e+00	   1.0000000e+00	   1.0000000e+00	
   2.1621880e+00	   2.0000000e+00	   2.0000000e+00	
   9.7622851e-01	   1.0000000e+00	   1.0000000e+00	
   9.6520612e-01	   1.0000000e+00	   1.0000000e+00	
   1.2402908e+00	   1.0000000e+00	   2.0000000e+00	
   9.7489890e-01	   1.0000000e+00	   1.0000000e+00	
   1.8061043e+00	   2.0000000e+00	   2.0000000e+00	
   1.0430062e+00	   1.0000000e+00	   1.0000000e+00	
   1.3870752e+00	   1.0000000e+00	   2.0000000e+00	
   1.3704585e+00	   1.0000000e+00	   1.0000000e+00	
   1.0056303e+00	   1.0000000e+00	   1.0000000e+00	
   1.2604634e+00	   1.0000000e+00	   1.0000000e+00	
   9.9546641e-01	   1.0000000e+00	   1.0000000e+00	
   1.7443346e+00	   2.0000000e+00	   2.0000000e+00	
   1.9358112e+00	   2.0000000e+00	   2.0000000e+00	
   2.1184180e+00	   2.0000000e+00	   2.0000000e+00	
   1.2405521e+00	   1.0000000e+00	   1.0000000e+00	
   8.3018607e-01	   1.0000000e+00	   1.0000000e+00	
   2.0722971e+00	   2.0000000e+00	   2.0000000e+00	
   1.3068815e+00	   1.0000000e+00	   1.0000000e+00	
   1.5268573e+00	   1.0000000e+00	   2.0000000e+00	
   9.7861710e-01	   1.0000000e+00	   1.0000000e+00	
   1.1610344e+00	   1.0000000e+00	   1.0000000e+00	
   1.2026438e+00	   1.0000000e+00	   2.0000000e+00	
   1.6470336e+00	   2.0000000e+00	   1.0000000e+00	
   1.0662939e+00	   1.0000000e+00	   1.0000000e+00	
   2.0269579e+00	   2.0000000e+00	   2.0000000e+00	
   1.9038283e+00	   2.0000000e+00	   2.0000000e+00	
   9.9453560e-01	   1.0000000e+00	   1.0000000e+00	
   1.9057682e+00	   2.0000000e+00	   2.0000000e+00	
   1.0042046e+00	   1.0000000e+00	   1.0000000e+00	
   1.0042046e+00	   1.0000000e+00	   1.0000000e+00	
   1.0136377e+00	   1.0000000e+00	   1.0000000e+00	
   1.0559534e+00	   1.0000000e+00	   1.0000000e+00	
   1.2656875e+00	   1.0000000e+00	   1.0000000e+00	
   1.4732954e+00	   1.0000000e+00	   2.0000000e+00	
   1.2008153e+00	   1.0000000e+00	   1.0000000e+00	
   1.5867342e+00	   2.0000000e+00	   2.0000000e+00	
   1.0776796e+00	   1.0000000e+00	   1.0000000e+00	
   1.0857455e+00	   1.0000000e+00	   1.0000000e+00	
   9.7415581e-01	   1.0000000e+00	   1.0000000e+00	
   2.0121383e+00	   2.0000000e+00	   2.0000000e+00	
   1.1435175e+00	   1.0000000e+00	   2.0000000e+00	
   1.0296057e+00	   1.0000000e+00	   1.0000000e+00	
   1.9544310e+00	   2.0000000e+00	   2.0000000e+00	
   1.0132991e+00	   1.0000000e+00	   1.0000000e+00	
   1.0233906e+00	   1.0000000e+00	   1.0000000e+00	
   9.7987917e-01	   1.0000000e+00	   1.0000000e+00	
   1.0201052e+00	   1.0000000e+00	   1.0000000e+00	
   9.6651205e-01	   1.0000000e+00	   1.0000000e+00	
   2.0579016e+00	   2.0000000e+00	   2.0000000e+00	
   1.1003416e+00	   1.0000000e+00	   1.0000000e+00	
   1.0337442e+00	   1.0000000e+00	   1.0000000e+00	
   1.0218158e+00	   1.0000000e+00	   1.0000000e+00	
   9.2776990e-01	   1.0000000e+00	   1.0000000e+00	
   1.9049512e+00	   2.0000000e+00	   2.0000000e+00	
   1.8872614e+00	   2.0000000e+00	   2.0000000e+00	
   1.0314800e+00	   1.0000000e+00	   2.0000000e+00	
   2.1224126e+00	   2.0000000e+00	   2.0000000e+00	
   1.5449959e+00	   1.0000000e+00	   1.0000000e+00	
   1.0478499e+00	   1.0000000e+00	   2.0000000e+00	
   1.0334832e+00	   1.0000000e+00	   1.0000000e+00	
   9.7483608e-01	   1.0000000e+00	   1.0000000e+00	
   9.7441635e-01	   1.0000000e+00	   1.0000000e+00	
   1.4562019e+00	   1.0000000e+00	   2.0000000e+00	
   1.2101240e+00	   1.0000000e+00	   1.0000000e+00	
   2.0197815e+00	   2.0000000e+00	   2.0000000e+00	
   9.4875982e-01	   1.0000000e+00	   1.0000000e+00	
   1.0339255e+00	   1.0000000e+00	   1.0000000e+00	
   1.1107913e+00	   1.0000000e+00	   1.0000000e+00	
   2.0949752e+00	   2.0000000e+00	   2.0000000e+00	
   1.8377948e+00	   2.0000000e+00	   2.0000000e+00	
   1.8832240e+00	   2.0000000e+00	   2.0000000e+00	
   9.8035860e-01	   1.0000000e+00	   1.0000000e+00	
   1.0318596e+00	   1.0000000e+00	   1.0000000e+00	
   1.0803301e+00	   1.0000000e+00	   1.0000000e+00	
   2.1158515e+00	   2.0000000e+00	   2.0000000e+00	
   2.0419334e+00	   2.0000000e+00	   2.0000000e+00	
   1.2593998e+00	   1.0000000e+00	   1.0000000e+00	
   1.1975489e+00	   1.0000000e+00	   1.0000000e+00	
   1.3576103e+00	   1.0000000e+00	   1.0000000e+00	
   1.0511914e+00	   1.0000000e+00	   1.0000000e+00	
   1.9586825e+00	   2.0000000e+00	   2.0000000e+00	
   1.1527699e+00	   1.0000000e+00	   1.0000000e+00	
   1.0277978e+00	   1.0000000e+00	   1.0000000e+00	
   2.0188776e+00	   2.0000000e+00	   2.0000000e+00	
   1.0311672e+00	   1.0000000e+00	   1.0000000e+00	
   1.0194420e+00	   1.0000000e+00	   1.0000000e+00	
   9.8135701e-01	   1.0000000e+00	   1.0000000e+00	
   1.4708048e+00	   1.0000000e+00	   1.0000000e+00	
   1.1917922e+00	   1.0000000e+00	   1.0000000e+00	
   1.5793698e+00	   2.0000000e+00	   2.0000000e+00	
   1.0995781e+00	   1.0000000e+00	   1.0000000e+00	
   1.1484380e+00	   1.0000000e+00	   1.0000000e+00	
   1.0300742e+00	   1.0000000e+00	   1.0000000e+00	
   2.0430859e+00	   2.0000000e+00	   2.0000000e+00	
   1.9215311e+00	   2.0000000e+00	   2.0000000e+00	
   1.0000863e+00	   1.0000000e+00	   1.0000000e+00	
   1.4317524e+00	   1.0000000e+00	   1.0000000e+00	
   1.1002666e+00	   1.0000000e+00	   1.0000000e+00	
   1.1921924e+00	   1.0000000e+00	   1.0000000e+00	
   1.1093964e+00	   1.0000000e+00	   1.0000000e+00	
   9.9420217e-01	   1.0000000e+00	   1.0000000e+00	
   1.2070021e+00	   1.0000000e+00	   1.0000000e+00	
   1.3511361e+00	   1.0000000e+00	   1.0000000e+00	
   1.2953618e+00	   1.0000000e+00	   2.0000000e+00	
   1.0140133e+00	   1.0000000e+00	   1.0000000e+00	
   1.9489909e+00	   2.0000000e+00	   2.0000000e+00	
   1.0863311e+00	   1.0000000e+00	   1.0000000e+00	
   2.0024807e+00	   2.0000000e+00	   2.0000000e+00	
   9.9937999e-01	   1.0000000e+00	   1.0000000e+00	
   1.0822060e+00	   1.0000000e+00	   2.0000000e+00	
   1.0384595e+00	   1.0000000e+00	   1.0000000e+00	
   1.4279850e+00	   1.0000000e+00	   1.0000000e+00	
   1.1396958e+00	   1.0000000e+00	   1.0000000e+00	
   1.0901055e+00	   1.0000000e+00	   1.0000000e+00	
   1.0104991e+00	   1.0000000e+00	   1.0000000e+00	
   1.9140680e+00	   2.0000000e+00	   2.0000000e+00	
   1.1618576e+00	   1.0000000e+00	   1.0000000e+00	
   1.3351312e+00	   1.0000000e+00	   1.0000000e+00	
   1.0875340e+00	   1.0000000e+00	   1.0000000e+00	
   1.4241826e+00	   1.0000000e+00	   1.0000000e+00	
   1.1402093e+00	   1.0000000e+00	   1.0000000e+00	
   9.5726120e-01	   1.0000000e+00	   1.0000000e+00	
   9.2556456e-01	   1.0000000e+00	   1.0000000e+00	
   9.8578075e-01	   1.0000000e+00	   1.0000000e+00	
   1.7646016e+00	   2.0000000e+00	   2.0000000e+00	
   9.3710747e-01	   1.0000000e+00	   1.0000000e+00	
   1.1959886e+00	   1.0000000e+00	   2.0000000e+00	
   1.0539122e+00	   1.0000000e+00	   1.0000000e+00	
   9.9451172e-01	   1.0000000e+00	   1.0000000e+00	
   1.6424092e+00	   2.0000000e+00	   2.0000000e+00	
   1.2837864e+00	   1.0000000e+00	   2.0000000e+00	
   1.5255374e+00	   1.0000000e+00	   1.0000000e+00	
   9.6461815e-01	   1.0000000e+00	   1.0000000e+00	
   9.7181794e-01	   1.0000000e+00	   1.0000000e+00	
   1.6630008e+00	   2.0000000e+00	   2.0000000e+00	
   9.1566995e-01	   1.0000000e+00	   1.0000000e+00	
   1.2629941e+00	   1.0000000e+00	   1.0000000e+00	
   1.0356106e+00	   1.0000000e+00	   1.0000000e+00	
   9.8345232e-01	   1.0000000e+00	   1.0000000e+00	
   1.3868284e+00	   1.0000000e+00	   1.0000000e+00	
   1.0069110e+00	   1.0000000e+00	   1.0000000e+00	
   1.4316337e+00	   1.0000000e+00	   1.0000000e+00	
   1.8617318e+00	   2.0000000e+00	   2.0000000e+00	
   9.7373375e-01	   1.0000000e+00	   1.0000000e+00	
   1.5541437e+00	   1.0000000e+00	   1.0000000e+00	
   9.4633597e-01	   1.0000000e+00	   1.0000000e+00	
   9.6989515e-01	   1.0000000e+00	   1.0000000e+00	
   1.0590884e+00	   1.0000000e+00	   1.0000000e+00	
   1.3591314e+00	   1.0000000e+00	   2.0000000e+00	
   1.0652395e+00	   1.0000000e+00	   1.0000000e+00	
   1.0242844e+00	   1.0000000e+00	   1.0000000e+00	
   1.0510299e+00	   1.0000000e+00	   1.0000000e+00	
   1.0306186e+00	   1.0000000e+00	   1.0000000e+00	
   1.7298659e+00	   2.0000000e+00	   2.0000000e+00	
   1.0111661e+00	   1.0000000e+00	   1.0000000e+00	
   9.4559175e-01	   1.0000000e+00	   1.0000000e+00	
   1.2325049e+00	   1.0000000e+00	   1.0000000e+00	
   1.3772506e+00	   1.0000000e+00	   1.0000000e+00	
   1.0162748e+00	   1.0000000e+00	   1.0000000e+00	
   9.6800146e-01	   1.0000000e+00	   1.0000000e+00	
   1.8092051e+00	   2.0000000e+00	   2.0000000e+00	
   9.7444808e-01	   1.0000000e+00	   1.0000000e+00	
   1.0875163e+00	   1.0000000e+00	   1.0000000e+00	
   1.4980390e+00	   1.0000000e+00	   2.0000000e+00	
   9.9024454e-01	   1.0000000e+00	   1.0000000e+00	
   2.1207893e+00	   2.0000000e+00	   2.0000000e+00	
   1.2595476e+00	   1.0000000e+00	   1.0000000e+00	
   1.4596756e+00	   1.0000000e+00	   2.0000000e+00	
   1.1378022e+00	   1.0000000e+00	   1.0000000e+00	
   1.0277237e+00	   1.0000000e+00	   1.0000000e+00	
   1.8349987e+00	   2.0000000e+00	   2.0000000e+00	
   1.1476331e+00	   1.0000000e+00	   1.0000000e+00	
   1.1862327e+00	   1.0000000e+00	   2.0000000e+00	
   9.8522189e-01	   1.0000000e+00	   1.0000000e+00	
   9.7247016e-01	   1.0000000e+00	   1.0000000e+00	
   9.9316052e-01	   1.0000000e+00	   1.0000000e+00	
   1.3504447e+00	   1.0000000e+00	   1.0000000e+00	
   1.0656520e+00	   1.0000000e+00	   1.0000000e+00	
   9.9054161e-01	   1.0000000e+00	   1.0000000e+00	
   1.6153949e+00	   2.0000000e+00	   2.0000000e+00	
   9.5010412e-01	   1.0000000e+00	   1.0000000e+00	
   9.9827695e-01	   1.0000000e+00	   1.0000000e+00	
   1.4340214e+00	   1.0000000e+00	   1.0000000e+00	
   1.1178233e+00	   1.0000000e+00	   1.0000000e+00	
   1.9525160e+00	   2.0000000e+00	   2.0000000e+00	
   2.0168255e+00	   2.0000000e+00	   2.0000000e+00	
   1.0637655e+00	   1.0000000e+00	   1.0000000e+00	
   1.1340838e+00	   1.0000000e+00	   1.0000000e+00	
   1.0858388e+00	   1.0000000e+00	   1.0000000e+00	
   9.5117158e-01	   1.0000000e+00	   1.0000000e+00	
   2.1328137e+00	   2.0000000e+00	   2.0000000e+00	
   1.0807222e+00	   1.0000000e+00	   1.0000000e+00	
   1.1281235e+00	   1.0000000e+00	   1.0000000e+00	
   1.0429285e+00	   1.0000000e+00	   1.0000000e+00	
   1.0055725e+00	   1.0000000e+00	   1.0000000e+00	
   1.8423582e+00	   2.0000000e+00	   2.0000000e+00	
   1.1282689e+00	   1.0000000e+00	   1.0000000e+00	
   1.0089426e+00	   1.0000000e+00	   1.0000000e+00	
   2.1419141e+00	   2.0000000e+00	   2.0000000e+00	
   1.0093109e+00	   1.0000000e+00	   1.0000000e+00	
   9.8056743e-01	   1.0000000e+00	   1.0000000e+00	
   1.3269870e+00	   1.0000000e+00	   1.0000000e+00	
   1.5850930e+00	   2.0000000e+00	   1.0000000e+00	
   1.0948204e+00	   1.0000000e+00	   1.0000000e+00	
   1.2436331e+00	   1.0000000e+00	   2.0000000e+00	
   9.7458041e-01	   1.0000000e+00	   1.0000000e+00	
   9.6584848e-01	   1.0000000e+00	   1.0000000e+00	
   1.0658162e+00	   1.0000000e+00	   1.0000000e+00	
   9.5061958e-01	   1.0000000e+00	   1.0000000e+00	
   1.1789759e+00	   1.0000000e+00	   1.0000000e+00	
   9.6526700e-01	   1.0000000e+00	   1.0000000e+00	
   9.8443943e-01	   1.0000000e+00	   1.0000000e+00	
   1.0141390e+00	   1.0000000e+00	   1.0000000e+00	
   1.6453244e+00	   2.0000000e+00	   2.0000000e+00	
   1.0033030e+00	   1.0000000e+00	   1.0000000e+00	
   1.4486113e+00	   1.0000000e+00	   1.0000000e+00	
   1.3180949e+00	   1.0000000e+00	   1.0000000e+00	
   1.1049685e+00	   1.0000000e+00	   1.0000000e+00	
   1.4866321e+00	   1.0000000e+00	   1.0000000e+00	
   1.0259560e+00	   1.0000000e+00	   1.0000000e+00	
   1.0122730e+00	   1.0000000e+00	   1.0000000e+00	
   1.5318470e+00	   1.0000000e+00	   1.0000000e+00	
   1.0730128e+00	   1.0000000e+00	   1.0000000e+00	
   1.9758315e+00	   2.0000000e+00	   2.0000000e+00	
   1.0901188e+00	   1.0000000e+00	   1.0000000e+00	
   1.2061581e+00	   1.0000000e+00	   1.0000000e+00	
   9.8018026e-01	   1.0000000e+00	   1.0000000e+00	
   1.4353873e+00	   1.0000000e+00	   1.0000000e+00	
   1.0442467e+00	   1.0000000e+00	   1.0000000e+00	
   1.1377400e+00	   1.0000000e+00	   1.0000000e+00	
   1.0164786e+00	   1.0000000e+00	   1.0000000e+00	
   1.5331876e+00	   1.0000000e+00	   2.0000000e+00	
   1.1084704e+00	   1.0000000e+00	   1.0000000e+00	
   1.6597039e+00	   2.0000000e+00	   2.0000000e+00	
   1.0572003e+00	   1.0000000e+00	   1.0000000e+00	
   1.7249896e+00	   2.0000000e+00	   2.0000000e+00	
   1.5079081e+00	   1.0000000e+00	   1.0000000e+00	
   1.3461509e+00	   1.0000000e+00	   1.0000000e+00	
   1.8031817e+00	   2.0000000e+00	   1.0000000e+00	
   1.3631498e+00	   1.0000000e+00	   2.0000000e+00	
   9.9721760e-01	   1.0000000e+00	   1.0000000e+00	
   1.0696926e+00	   1.0000000e+00	   1.0000000e+00	
   1.0224478e+00	   1.0000000e+00	   1.0000000e+00	
   1.1535699e+00	   1.0000000e+00	   1.0000000e+00	
   9.9907622e-01	   1.0000000e+00	   1.0000000e+00	
   1.2489085e+00	   1.0000000e+00	   1.0000000e+00	
   1.0271031e+00	   1.0000000e+00	   1.0000000e+00	
   1.1417122e+00	   1.0000000e+00	   1.0000000e+00	
   9.8957095e-01	   1.0000000e+00	   1.0000000e+00	
   1.3286251e+00	   1.0000000e+00	   1.0000000e+00	
   9.6325713e-01	   1.0000000e+00	   1.0000000e+00	
   1.0696789e+00	   1.0000000e+00	   1.0000000e+00	
   1.3418039e+00	   1.0000000e+00	   2.0000000e+00	
   1.0109713e+00	   1.0000000e+00	   1.0000000e+00	
   1.0238200e+00	   1.0000000e+00	   1.0000000e+00	
   1.0159160e+00	   1.0000000e+00	   1.0000000e+00	
   1.0684665e+00	   1.0000000e+00	   1.0000000e+00	
   9.5740336e-01	   1.0000000e+00	   1.0000000e+00	
   9.1737852e-01	   1.0000000e+00	   1.0000000e+00	
